       HD104985   2451982.12345        73.86474         4.09561             nan             nan             nan             nan             nan             nan          HIDESS 
       HD104985   2451982.13636        87.94939         4.49958             nan             nan             nan             nan             nan             nan          HIDESS 
       HD104985   2452016.09540       195.07330         5.27266             nan             nan             nan             nan             nan             nan          HIDESS 
       HD104985   2452033.03962       140.00225         5.10884             nan             nan             nan             nan             nan             nan          HIDESS 
       HD104985   2452041.00541       141.13851         4.78466             nan             nan             nan             nan             nan             nan          HIDESS 
       HD104985   2452042.01095       108.85686         3.59902             nan             nan             nan             nan             nan             nan          HIDESS 
       HD104985   2452281.31191       -72.06074         7.93037             nan             nan             nan             nan             nan             nan          HIDESS 
       HD104985   2452284.31668      -103.99580         4.93637             nan             nan             nan             nan             nan             nan          HIDESS 
       HD104985   2452337.21400      -115.71777         4.96945             nan             nan             nan             nan             nan             nan          HIDESS 
       HD104985   2452425.99510       164.69306         5.66892             nan             nan             nan             nan             nan             nan          HIDESS 
       HD104985   2452426.96722       178.38839         5.96666             nan             nan             nan             nan             nan             nan          HIDESS 
       HD104985   2452427.97427       112.23916         6.85473             nan             nan             nan             nan             nan             nan          HIDESS 
       HD104985   2452484.98522      -129.99543         5.63029             nan             nan             nan             nan             nan             nan          HIDESS 
       HD104985   2452505.95846      -147.84875         4.77077             nan             nan             nan             nan             nan             nan          HIDESS 
       HD104985   2452592.24925       172.05494         8.09993             nan             nan             nan             nan             nan             nan          HIDESS 
       HD104985   2452592.35178       167.35713         5.65059             nan             nan             nan             nan             nan             nan          HIDESS 
       HD104985   2452638.37043       101.07461         5.52311             nan             nan             nan             nan             nan             nan          HIDESS 
       HD104985   2452651.34152        53.65643         5.47649             nan             nan             nan             nan             nan             nan          HIDESS 
       HD104985   2452677.11107       -60.27634         5.83142             nan             nan             nan             nan             nan             nan          HIDESS 
       HD104985   2452680.24098       -43.30090         5.95800             nan             nan             nan             nan             nan             nan          HIDESS 
       HD104985   2452689.17225      -128.18603         8.31525             nan             nan             nan             nan             nan             nan          HIDESS 
       HD104985   2452692.25837      -165.63286         5.54021             nan             nan             nan             nan             nan             nan          HIDESS 
       HD104985   2452706.16147      -199.38158         7.32803             nan             nan             nan             nan             nan             nan          HIDESS 
       HD104985   2452710.16829      -152.08852         5.27009             nan             nan             nan             nan             nan             nan          HIDESS 
       HD104985   2452735.13013       -96.06593         6.24287             nan             nan             nan             nan             nan             nan          HIDESS 
       HD104985   2452738.97969       -82.60932         8.71842             nan             nan             nan             nan             nan             nan          HIDESS 
       HD104985   2452756.10576       -13.01721         8.63930             nan             nan             nan             nan             nan             nan          HIDESS 
       HD104985   2452758.05953        26.51075        14.57300             nan             nan             nan             nan             nan             nan          HIDESS 
       HD104985   2452974.27648        65.74540         5.69911             nan             nan             nan             nan             nan             nan          HIDESS 
       HD104985   2452999.34775       191.24798        11.55902             nan             nan             nan             nan             nan             nan          HIDESS 
       HD104985   2453002.23045       181.83648         4.41588             nan             nan             nan             nan             nan             nan          HIDESS 
       HD104985   2453024.13280       157.14203         4.55117             nan             nan             nan             nan             nan             nan          HIDESS 
       HD104985   2453030.30654       116.18362         4.54216             nan             nan             nan             nan             nan             nan          HIDESS 
       HD104985   2453052.08648        30.25050         4.79987             nan             nan             nan             nan             nan             nan          HIDESS 
       HD104985   2453077.05228       -29.84336         3.80230             nan             nan             nan             nan             nan             nan          HIDESS 
       HD104985   2453100.07075      -117.06244         4.19229             nan             nan             nan             nan             nan             nan          HIDESS 
       HD104985   2453131.05411      -136.82512         4.50244             nan             nan             nan             nan             nan             nan          HIDESS 
       HD104985   2453160.96991        61.46681         4.48686             nan             nan             nan             nan             nan             nan          HIDESS 
       HD104985   2453332.38139      -150.45235         5.33348             nan             nan             nan             nan             nan             nan          HIDESS 
       HD104985   2453335.33029      -124.17343         5.34393             nan             nan             nan             nan             nan             nan          HIDESS 
       HD104985   2453340.31694      -118.76594         4.71495             nan             nan             nan             nan             nan             nan          HIDESS 
       HD104985   2453363.36222        49.06707         4.08481             nan             nan             nan             nan             nan             nan          HIDESS 
       HD104985   2453367.20528        47.41391         4.39674             nan             nan             nan             nan             nan             nan          HIDESS 
       HD104985   2453403.30832       186.86643         4.39349             nan             nan             nan             nan             nan             nan          HIDESS 
       HD104985   2453447.20769        80.83961         4.86434             nan             nan             nan             nan             nan             nan          HIDESS 
       HD104985   2453694.34781      -167.71579         4.28843             nan             nan             nan             nan             nan             nan          HIDESS 
       HD104985   2453729.33665      -138.50250         4.38091             nan             nan             nan             nan             nan             nan          HIDESS 
       HD104985   2453745.32002       -34.31524         5.20521             nan             nan             nan             nan             nan             nan          HIDESS 
       HD104985   2453775.23348        19.07368         5.09674             nan             nan             nan             nan             nan             nan          HIDESS 
       HD104985   2453812.12666       149.37573         3.74449             nan             nan             nan             nan             nan             nan          HIDESS 
       HD104985   2453889.02395      -163.56835         5.23589             nan             nan             nan             nan             nan             nan          HIDESS 
       HD104985   2454049.34438        70.16573         5.51677             nan             nan             nan             nan             nan             nan          HIDESS 
       HD104985   2454088.38494      -105.67453         3.98353             nan             nan             nan             nan             nan             nan          HIDESS 
       HD104985   2454126.30553      -171.28306         4.59451             nan             nan             nan             nan             nan             nan          HIDESS 
       HD104985   2454143.22477       -63.24796         5.04953             nan             nan             nan             nan             nan             nan          HIDESS 
       HD104985   2454169.08336        46.60115         4.11552             nan             nan             nan             nan             nan             nan          HIDESS 
       HD104985   2454216.11901       147.77174         4.76057             nan             nan             nan             nan             nan             nan          HIDESS 
       HD104985   2454467.35904       -32.10772         4.53707        10.07130       189.81846        10.32997         0.14502         0.03452         1.00000          HIDESS 
       HD104985   2454492.29776      -162.77261         4.57442         9.97403       138.03258         7.76646         0.12060         0.02868         1.00000          HIDESS 
       HD104985   2454524.22590      -174.60372         3.57995         9.94875       131.03228         6.90227         0.16252         0.03624         1.00000          HIDESS 
       HD104985   2454557.04230        -3.47083         5.12326         9.99012       160.89550         7.41270         0.10891         0.05089         1.00000          HIDESS 
       HD104985   2454587.05604       106.97844         4.74701         9.97475       196.83358        19.75622         0.32726         0.15282         1.00000          HIDESS 
       HD104985   2454623.97975       157.26156         3.91617         9.92839       161.66112         8.45816         0.17909         0.05211         1.00000          HIDESS 
       HD104985   2454818.26815       189.69692         4.42391         9.93841       202.42274        11.37850         0.13876         0.03792         1.00000          HIDESS 
       HD104985   2454857.16626        16.42950         4.52318         9.99287       112.75337         7.22820         0.20128         0.07514         1.00000          HIDESS 
       HD104985   2454888.13146      -142.46116         4.65222         9.90271       169.53068         9.38474         0.06835         0.02870         1.00000          HIDESS 
       HD104985   2454927.06167      -151.70792         4.17898         9.78942       148.67292        10.74050         0.22924         0.08506         1.00000          HIDESS 
       HD104985   2454950.05782       -27.27280         3.87597         9.90985       148.44843         8.64494         0.12361         0.05404         1.00000          HIDESS 
       HD104985   2454953.99498       -66.16082         3.95664         9.92300       137.81099         8.52718         0.23176         0.09432         1.00000          HIDESS 
       HD104985   2455164.30677        33.94093         4.48824         9.92724       150.46052         8.13233         0.10309         0.03385         1.00000          HIDESS 
       HD104985   2455204.24245       142.45599         3.84966         9.99672       161.31089         6.37533         0.09912         0.02328         1.00000          HIDESS 
       HD104985   2455269.16861       -11.43318         4.11384         9.92802       147.98096         6.77806         0.16334         0.04047         1.00000          HIDESS 
       HD104985   2455527.38511      -130.93067         4.81385         9.89715       143.58052         6.44958         0.16149         0.03161         1.00000          HIDESS 
       HD104985   2455572.27508       102.78521         5.10118        10.18271       128.80732         5.01593             nan             nan             nan         HIDESF1 
       HD104985   2455572.37888       100.46820         4.68061        10.19210       186.14291        10.82475             nan             nan             nan         HIDESF1 
       HD104985   2455597.23720       179.17717         4.87681        10.25041       176.98303         9.67785             nan             nan             nan         HIDESF1 
       HD104985   2455597.24235       188.50120         4.78940        10.21490       181.60893         8.35446             nan             nan             nan         HIDESF1 
       HD104985   2455598.23370       231.63914         4.75463        10.25340       165.43452         9.37406             nan             nan             nan         HIDESF1 
       HD104985   2455598.24162       231.79894         4.91444        10.28598       168.14125         7.05955             nan             nan             nan         HIDESF1 
       HD104985   2455618.22719       216.84310         3.82660        10.30269       168.89553         5.29178             nan             nan             nan         HIDESF1 
       HD104985   2455618.28378       218.63677         3.87455        10.28969       169.83503         6.63313             nan             nan             nan         HIDESF1 
       HD104985   2455625.17183       193.31611         3.75475        10.01599       158.23514         5.46742         0.09633         0.02592         1.00000          HIDESS 
       HD104985   2455651.19523       117.55932         2.55571        10.29792       201.58318         9.83845             nan             nan             nan         HIDESF1 
       HD104985   2455652.14847       117.80429         2.02926        10.26358       171.43705         5.40144             nan             nan             nan         HIDESF1 
       HD104985   2455654.19333       108.26404         4.09676        10.31470       192.78218        11.29494             nan             nan             nan         HIDESF1 
       HD104985   2455655.13510       119.49319         2.22011        10.30550       181.32145         5.60032             nan             nan             nan         HIDESF1 
       HD104985   2455661.09218        16.24841         3.78437         9.99439       153.11099         5.76212         0.07850         0.02447         1.00000          HIDESS 
       HD104985   2455668.08456        -4.33157         3.49000        10.33453       149.24606         8.39462             nan             nan             nan         HIDESF1 
       HD104985   2455669.07881       -28.35102         3.02454        10.32594       168.20840         7.57674             nan             nan             nan         HIDESF1 
       HD104985   2455672.13822       -29.97506         2.68988        10.30521       167.61376         6.53090             nan             nan             nan         HIDESF1 
       HD104985   2455699.04825      -100.45179         2.56583        10.29389       142.46097         5.84956             nan             nan             nan         HIDESF1 
       HD104985   2455700.05075       -89.85645         3.05548        10.30709       131.48754         6.48355             nan             nan             nan         HIDESF1 
       HD104985   2455934.29002       -67.46282         4.28150        10.24790       154.79542         6.86018             nan             nan             nan         HIDESF1 
       HD104985   2455936.26711       -71.21672         4.39917        10.28204       163.01635         6.73485             nan             nan             nan         HIDESF1 
       HD104985   2456299.16765      -122.88555         4.38248         9.92377       164.65614         8.77330         0.16853         0.04607         1.00000          HIDESS 
       HD104985   2456680.25054       -76.58369         4.85182        10.36687       192.11890         8.33101             nan             nan             nan         HIDESF1 
       HD104985   2456732.07091       -54.31894         3.04586        10.30986       150.12026         8.03373             nan             nan             nan         HIDESF1 
       HD104985   2456789.04563       181.35451         3.60633        10.09987       230.50083        12.98621             nan             nan             nan         HIDESF1 
       HD104985   2456948.34637        28.34921         4.67142        10.26137       140.73665         6.17866             nan             nan             nan         HIDESF1 
       HD104985   2457005.21812       222.75132         5.01419        10.26985       163.39837         8.05755             nan             nan             nan         HIDESF1 
       HD104985   2457046.28799       106.32240         4.39256        10.02292       164.72930         9.03378         0.06417         0.01979         1.00000          HIDESS 
       HD104985   2457057.23000        43.99373         4.37838        10.35859       177.89577         6.66216             nan             nan             nan         HIDESF1 
       HD104985   2457136.13770       -89.14602         4.13825         9.95015       120.80605         6.93289         0.12523         0.03906         1.00000          HIDESS 
       HD104985   2457330.31390       -24.33902         4.59709        10.24307       120.07161         6.57247             nan             nan             nan         HIDESF1 
       HD104985   2457332.32190       -53.99065         4.77654        10.26060       130.85393         5.58704             nan             nan             nan         HIDESF1 
       HD104985   2457368.33515       104.71657         4.46490        10.21774       154.14462         6.97159             nan             nan             nan         HIDESF1 
       HD104985   2457512.98224      -144.07622         3.84279         9.86769       143.94381         6.10804         0.18097         0.03051         1.00000          HIDESS 
       HD104985   2457795.13513       218.56448         5.19609        10.28813       144.81464         6.67412             nan             nan             nan         HIDESF1 
       HD104985   2457867.05316       -10.82677         3.00864        10.25767       157.69798         6.95768             nan             nan             nan         HIDESF1 
       HD104985   2457885.06839      -111.98246         3.09388        10.17881       125.41863         8.46376             nan             nan             nan         HIDESF1 
       HD104985   2458093.25458      -148.71428         5.10472        10.29824       142.06753         6.78301             nan             nan             nan         HIDESF1 
       HD104985   2458492.33954       -89.70109         5.80310        10.62355       181.20150        13.18190             nan             nan             nan         HIDESF2 
       HD104985   2458506.23436       -32.54587         5.09055        10.62046       134.20226         7.07339             nan             nan             nan         HIDESF2 
       HD104985   2458554.14122        92.55024         4.62698        10.62023       143.11926         7.48814             nan             nan             nan         HIDESF2 
       HD104985   2458580.14494       200.04799         5.16849        10.62365       155.30057        11.36170             nan             nan             nan         HIDESF2 
       HD104985   2458613.06652       195.07558         5.36260        10.63814       171.81781        12.29106             nan             nan             nan         HIDESF2 
       HD104985   2458794.34173       210.52402         7.11013        10.66409       152.35407        13.97160             nan             nan             nan         HIDESF2 
       HD104985   2458840.34603        79.27566         4.70100        10.41872       133.34309         8.00851             nan             nan             nan         HIDESF2 
       HD104985   2458849.37710        33.49294         4.66132        10.36237       161.46230        12.19336             nan             nan             nan         HIDESF2 
       HD104985   2458850.36529        -5.37118         5.94885        10.30783       158.42355        16.63291             nan             nan             nan         HIDESF2 
       HD104985   2458878.33174       -91.80037         4.64575        10.44750       117.36356        10.94692             nan             nan             nan         HIDESF2 
       HD104985   2458882.30952      -101.17280         6.44725        10.36664       133.04176        11.23714             nan             nan             nan         HIDESF2 
       HD104985   2458883.32438      -121.58461         4.17179        10.33562       114.57780         8.65122             nan             nan             nan         HIDESF2 
       HD104985   2458888.26946       -44.70925        10.70962        10.44140       152.65524        20.83565             nan             nan             nan         HIDESF2 
       HD104985   2458890.34002      -130.89074         4.33270        10.29054       160.21781         8.68143             nan             nan             nan         HIDESF2 
       HD104985   2458898.27698       -72.70666         4.06009        10.18904       119.87984        10.07922             nan             nan             nan         HIDESF2 
       HD104985   2458900.11587      -125.77221         5.82562        10.32792        83.10224         9.78416             nan             nan             nan         HIDESF2 
       HD104985   2459187.21920       196.39310         4.41554        10.30462       141.59507         9.25006             nan             nan             nan         HIDESF2 
       HD104985   2459277.24064       -67.71383         6.06039        10.45292       145.52149        12.03197             nan             nan             nan         HIDESF2 
       HD104985   2459282.14970       -93.99365         6.38397        10.38052       185.07301        20.17719             nan             nan             nan         HIDESF2 
