       HD100920   2451987.27046        -6.09895         4.08579             nan             nan             nan             nan             nan             nan          HIDESS 
       HD100920   2452016.15083        26.58319         5.36490             nan             nan             nan             nan             nan             nan          HIDESS 
       HD100920   2452033.07902         0.29428         3.97830             nan             nan             nan             nan             nan             nan          HIDESS 
       HD100920   2452043.03060        26.54285         3.64682             nan             nan             nan             nan             nan             nan          HIDESS 
       HD100920   2452271.27753       -23.40490         3.57288             nan             nan             nan             nan             nan             nan          HIDESS 
       HD100920   2452313.26307         4.58621         4.08055             nan             nan             nan             nan             nan             nan          HIDESS 
       HD100920   2452335.30027       -12.10281         5.00028             nan             nan             nan             nan             nan             nan          HIDESS 
       HD100920   2452382.07484         6.34655         5.92599             nan             nan             nan             nan             nan             nan          HIDESS 
       HD100920   2452592.36770        -0.58402         5.88580             nan             nan             nan             nan             nan             nan          HIDESS 
       HD100920   2452652.20359       -16.71975         3.30387             nan             nan             nan             nan             nan             nan          HIDESS 
       HD100920   2452678.24045       -21.48419         4.87015             nan             nan             nan             nan             nan             nan          HIDESS 
       HD100920   2452707.24978        -7.60387         4.73968             nan             nan             nan             nan             nan             nan          HIDESS 
       HD100920   2452736.13376        10.45997         5.25307             nan             nan             nan             nan             nan             nan          HIDESS 
       HD100920   2452756.08501         2.13289         4.58971             nan             nan             nan             nan             nan             nan          HIDESS 
       HD100920   2452780.98298        30.40269         7.75582             nan             nan             nan             nan             nan             nan          HIDESS 
       HD100920   2452781.98826        21.60392         6.61792             nan             nan             nan             nan             nan             nan          HIDESS 
       HD100920   2452782.99729        24.70712         5.45056             nan             nan             nan             nan             nan             nan          HIDESS 
       HD100920   2452974.32615       -27.47744         3.52162             nan             nan             nan             nan             nan             nan          HIDESS 
       HD100920   2452991.30126        -4.60134         3.92359             nan             nan             nan             nan             nan             nan          HIDESS 
       HD100920   2452999.32555       -24.08317         4.33549             nan             nan             nan             nan             nan             nan          HIDESS 
       HD100920   2453024.17451        -1.72957         3.45077             nan             nan             nan             nan             nan             nan          HIDESS 
       HD100920   2453366.23602         0.62457         3.63637             nan             nan             nan             nan             nan             nan          HIDESS 
       HD100920   2453745.24318       -38.14032         3.44312             nan             nan             nan             nan             nan             nan          HIDESS 
       HD100920   2454089.39205       -13.21758         3.92806             nan             nan             nan             nan             nan             nan          HIDESS 
       HD100920   2454461.39101        37.67771         3.23686         9.41255       240.40284         8.51537         0.15551         0.02761         1.00000          HIDESS 
       HD100920   2454588.05139         9.73502         4.35825         9.47904       202.18642         8.12946         0.13040         0.02593         1.00000          HIDESS 
       HD100920   2454855.31386        17.41778         4.04296         9.46901       170.32554         5.38391         0.13364         0.01691         1.00000          HIDESS 
       HD100920   2455189.33482        13.17449         3.97782         9.43167       189.97315         7.37701         0.10991         0.01971         1.00000          HIDESS 
       HD100920   2455326.06904         0.38330         3.44155         9.40879       227.53885         6.33742         0.11056         0.02202         1.00000          HIDESS 
       HD100920   2455548.34310        14.48189         4.06426         9.40253       184.17765         6.35189             nan             nan             nan          HIDESS 
       HD100920   2455628.19300        -2.17422         4.02806         9.42698       183.55721         6.30501         0.09187         0.01959         1.00000          HIDESS 
       HD100920   2455658.10521       -19.33109         4.70132         9.39498       226.28378        11.24054         0.10306         0.03503         1.00000          HIDESS 
       HD100920   2455668.07176       -15.69500         2.72998             nan             nan             nan             nan             nan             nan         HIDESF1 
       HD100920   2455668.15964        -8.24456         3.21655         9.70309       148.38796         5.77827             nan             nan             nan         HIDESF1 
       HD100920   2455669.06719       -22.36534         3.70313         9.70054       135.61815         6.66072             nan             nan             nan         HIDESF1 
       HD100920   2455672.06803       -12.66753         3.29471         9.70550       159.86126         5.83725             nan             nan             nan         HIDESF1 
       HD100920   2455672.15779         6.91458         3.04786         9.72979       148.37972         5.72841             nan             nan             nan         HIDESF1 
       HD100920   2455695.08994       -14.87489         2.86192         9.75410       162.63508         7.46020             nan             nan             nan         HIDESF1 
       HD100920   2455696.04975       -21.95775         2.82177         9.73940       185.96745         7.34268             nan             nan             nan         HIDESF1 
       HD100920   2455696.09755       -27.52394         2.92642         9.73643       152.71069         7.75612             nan             nan             nan         HIDESF1 
       HD100920   2455696.98099       -22.81437         3.08736         9.73988       169.25385         6.50570             nan             nan             nan         HIDESF1 
       HD100920   2455699.07450       -16.08698         2.78583         9.76280       179.91224         7.60503             nan             nan             nan         HIDESF1 
       HD100920   2455700.04505        -2.51119         2.92624         9.73856       176.54009         7.40491             nan             nan             nan         HIDESF1 
       HD100920   2455701.01120        -5.47169         2.84600         9.73460       164.97350         7.08055             nan             nan             nan         HIDESF1 
       HD100920   2455701.07921       -25.02510         3.05574         9.72977       148.49670         6.76140             nan             nan             nan         HIDESF1 
       HD100920   2455919.37241        -1.02972         3.61822         9.37490       185.96278         4.92881         0.15422         0.01658         1.00000          HIDESS 
       HD100920   2455938.40284        12.19319         3.87276         9.39361       180.98109         7.42124         0.11586         0.03266         1.00000          HIDESS 
       HD100920   2455943.29779        15.88747         3.87494         9.43661       189.03480         7.12033         0.12497         0.01911         1.00000          HIDESS 
       HD100920   2455976.19513        20.21888         3.94427         9.44987       190.80095         5.24200         0.14992         0.01719         1.00000          HIDESS 
       HD100920   2456414.04517       -13.54713         4.33080         9.38900       182.05286        10.84462         0.06316         0.02517         1.00000          HIDESS 
       HD100920   2456416.03565        -6.56793         3.67950         9.41460       194.41352         6.08712         0.11828         0.02083         1.00000          HIDESS 
       HD100920   2456420.03530       -21.61866         3.53492         9.41230       181.48366         5.14797         0.09190         0.01860         1.00000          HIDESS 
       HD100920   2456444.01657        -1.74184         2.75513         9.78025       164.15408         5.88950             nan             nan             nan         HIDESF1 
       HD100920   2456448.04006        -1.74290         4.41346         9.37047       224.40163        10.64249         0.19679         0.08435         1.00000          HIDESS 
       HD100920   2456451.01624       -26.39009         4.46933         9.38897       229.23018        11.94038         0.15657         0.04783         1.00000          HIDESS 
       HD100920   2456596.34065        -0.73829         3.62595         9.73857       159.57963         8.04162             nan             nan             nan         HIDESF1 
       HD100920   2456627.29674        -5.77174         3.02511         9.76318       149.65510         7.33101             nan             nan             nan         HIDESF1 
       HD100920   2456639.26884        -2.66087         3.47071         9.77647       159.60407         8.03917             nan             nan             nan         HIDESF1 
       HD100920   2456664.22467       -14.40878         3.14844         9.80597       171.29275         8.01638             nan             nan             nan         HIDESF1 
       HD100920   2456673.23716        -0.54825         3.34407         9.80447       170.66515         7.92928             nan             nan             nan         HIDESF1 
       HD100920   2456679.34556        15.00309         3.40958         9.83176       156.78406         6.70358             nan             nan             nan         HIDESF1 
       HD100920   2456732.04831        -2.65362         3.29314         9.77721       181.65771         7.47615             nan             nan             nan         HIDESF1 
       HD100920   2456734.04272        -0.75766         3.08293         9.79624       171.04691         6.54479             nan             nan             nan         HIDESF1 
       HD100920   2456787.05651        -3.22503         3.05662         9.73305       162.14538         7.22511             nan             nan             nan         HIDESF1 
       HD100920   2456799.06803        -0.58549         4.31853         9.39414       207.98477         8.68447         0.02559         0.01024         1.00000          HIDESS 
       HD100920   2456991.26135        14.00282         3.01458         9.74970       152.64598         6.86492             nan             nan             nan         HIDESF1 
       HD100920   2457005.26911         1.73312         2.84616         9.75051       173.04095         7.23119             nan             nan             nan         HIDESF1 
       HD100920   2457006.28647        -2.12083         3.32622         9.71131       134.97010         8.01581             nan             nan             nan         HIDESF1 
       HD100920   2457017.32715         8.12587         3.12476         9.71763       154.33324         8.03941             nan             nan             nan         HIDESF1 
       HD100920   2457046.25991         2.79962         3.55169         9.36878       171.34673         4.77702         0.13952         0.01549         1.00000          HIDESS 
       HD100920   2457054.19064        19.01441         3.34560         9.78322       170.42790         9.64625             nan             nan             nan         HIDESF1 
       HD100920   2457068.34042        10.10626         3.76024         9.71459       164.92743         9.80225             nan             nan             nan         HIDESF1 
       HD100920   2457069.22770         5.78798         4.95427         9.82943       160.66225        14.52313             nan             nan             nan         HIDESF1 
       HD100920   2457135.05279        21.86320         4.01058         9.47828       182.00214         5.17591         0.14619         0.01594         1.00000          HIDESS 
       HD100920   2457140.10497        -3.29905         3.54550         9.83095       148.81504         7.40613             nan             nan             nan         HIDESF1 
       HD100920   2457174.00421        21.06901         2.77517         9.80700       161.02441         5.77978             nan             nan             nan         HIDESF1 
       HD100920   2457329.36669       -22.67395         3.92901         9.38149       167.17835         9.25403         0.09091         0.03852         1.00000          HIDESS 
       HD100920   2457368.34287       -17.37734         2.90288         9.76521       172.70623         6.21231             nan             nan             nan         HIDESF1 
       HD100920   2457378.38923        -8.80823         3.10933         9.73733       155.00552         7.15818             nan             nan             nan         HIDESF1 
       HD100920   2457392.26004        -1.32985         3.01876         9.78948       151.16426         6.26081             nan             nan             nan         HIDESF1 
       HD100920   2457394.34969         9.44426         3.85562         9.79257       140.40874         9.26752             nan             nan             nan         HIDESF1 
       HD100920   2457424.18961        14.71451         3.01302         9.75023       150.74319         5.76121             nan             nan             nan         HIDESF1 
       HD100920   2457426.14195         6.75324         3.17615         9.77276       147.68660         5.60100             nan             nan             nan         HIDESF1 
       HD100920   2457455.18371        11.23149         3.51867         9.74641       152.67400         5.83649             nan             nan             nan         HIDESF1 
       HD100920   2457475.20487        14.27432         3.05019         9.77411       137.51977         5.96205             nan             nan             nan         HIDESF1 
       HD100920   2457476.10609        16.47057         3.59895         9.76553       162.41099         6.65132             nan             nan             nan         HIDESF1 
       HD100920   2457508.15744         7.59582         3.22752         9.78103       176.44475         7.91786             nan             nan             nan         HIDESF1 
       HD100920   2457510.14199         0.24595         3.12864         9.74398       140.32885         5.22827             nan             nan             nan         HIDESF1 
       HD100920   2457511.04844         5.85779         3.42376         9.39379       215.86500         6.94787         0.14256         0.02166         1.00000          HIDESS 
       HD100920   2457521.07540         0.61353         2.46196         9.74874       175.91512         6.30629             nan             nan             nan         HIDESF1 
       HD100920   2457524.00698        11.06827         3.09303         9.72516       167.78248         6.60737             nan             nan             nan         HIDESF1 
       HD100920   2457542.01238         4.98831         3.05254         9.76486       151.84777         6.65454             nan             nan             nan         HIDESF1 
       HD100920   2457545.02733         0.52801         3.07250         9.72811       157.11640         5.68150             nan             nan             nan         HIDESF1 
       HD100920   2457724.31393        -4.86168         3.69010         9.73083       142.86477         9.22438             nan             nan             nan         HIDESF1 
       HD100920   2457791.24490         8.23742         3.40581         9.75694       143.34190         6.95602             nan             nan             nan         HIDESF1 
       HD100920   2457808.20299        10.63080         3.56057         9.72476       164.78632         7.24207             nan             nan             nan         HIDESF1 
       HD100920   2457809.19304         8.94913         3.81071         9.72520       153.51184         7.91872             nan             nan             nan         HIDESF1 
       HD100920   2457867.03345         5.01710         3.25790         9.75614       157.17579         5.01250             nan             nan             nan         HIDESF1 
       HD100920   2457884.08248        -4.00555         3.12244         9.74661       151.41424         7.10731             nan             nan             nan         HIDESF1 
       HD100920   2457885.06667        15.18046         2.97422         9.75666       168.59643         6.56425             nan             nan             nan         HIDESF1 
       HD100920   2457895.99790         7.10778         2.74325         9.74769       151.97045         6.46634             nan             nan             nan         HIDESF1 
       HD100920   2457908.05594         5.04040         4.21121         9.81850       162.09389        12.25578             nan             nan             nan         HIDESF1 
       HD100920   2457908.05941         1.96015         3.32267         9.74003       147.80003         8.75986             nan             nan             nan         HIDESF1 
       HD100920   2458081.38379        11.39635         3.82106         9.75048       146.83451         9.49029             nan             nan             nan         HIDESF1 
       HD100920   2458099.29310        14.93328         4.53897         9.72448       171.52542        13.11953             nan             nan             nan         HIDESF1 
