        HD10975   2453026.00422       -22.61458         4.05552             nan             nan             nan             nan             nan             nan          HIDESS 
        HD10975   2453245.28261        -9.52513         4.89234             nan             nan             nan             nan             nan             nan          HIDESS 
        HD10975   2453333.10496        14.73363         2.76493             nan             nan             nan             nan             nan             nan          HIDESS 
        HD10975   2453401.99368        12.99007         5.13076             nan             nan             nan             nan             nan             nan          HIDESS 
        HD10975   2453608.31435        -3.71951         3.54994             nan             nan             nan             nan             nan             nan          HIDESS 
        HD10975   2453694.27172        -4.17138         3.42785             nan             nan             nan             nan             nan             nan          HIDESS 
        HD10975   2453744.08971       -17.34069         3.48403             nan             nan             nan             nan             nan             nan          HIDESS 
        HD10975   2454018.34117         9.27194         3.65472             nan             nan             nan             nan             nan             nan          HIDESS 
        HD10975   2454143.99937         8.34336         4.11030             nan             nan             nan             nan             nan             nan          HIDESS 
        HD10975   2454418.03295         8.80229         3.96179             nan             nan             nan             nan             nan             nan          HIDESS 
        HD10975   2454756.26781        21.12768         3.28339         9.48270       176.30576         5.12916         0.14631         0.01620         1.00000          HIDESS 
        HD10975   2455135.30483       -18.60976         3.84588         9.43253       187.88924         7.57294         0.10794         0.03543         1.00000          HIDESS 
        HD10975   2455183.09872       -22.55959         3.87365         9.49972       196.01063         7.40111         0.14326         0.01912         1.00000          HIDESS 
        HD10975   2455440.14830         5.83155         3.43656         9.39894       163.31914         5.83364         0.11588         0.02218         1.00000          HIDESS 
        HD10975   2455505.23249         8.52980         3.46162         9.46867       171.06492         7.74477         0.15578         0.02876         1.00000          HIDESS 
        HD10975   2455584.05538        13.82373         7.34783         9.37773       124.79371         9.15735         0.13285         0.08686         1.00000          HIDESS 
        HD10975   2455584.07322        17.61004         4.52521         9.49055       197.01309        12.92269         0.11008         0.05464         1.00000          HIDESS 
        HD10975   2455855.21334        -5.01860         3.59612         9.46208       203.23660         6.82704         0.14092         0.01655         1.00000          HIDESS 
        HD10975   2456215.12046         1.33927         4.10154         9.59200       207.99980        12.63815         0.14017         0.02407         1.00000          HIDESS 
        HD10975   2456516.30533       -12.52449         4.54503         9.77701       158.99081        12.66184             nan             nan             nan         HIDESF1 
        HD10975   2456517.30702         2.59056         3.61804         9.82752       178.07346        10.16185             nan             nan             nan         HIDESF1 
        HD10975   2456553.15213        -6.72895         3.23867         9.81597       168.97778         6.43527             nan             nan             nan         HIDESF1 
        HD10975   2456554.18986         7.09427         3.39840         9.82296       148.68532         5.57210             nan             nan             nan         HIDESF1 
        HD10975   2456577.12974       -21.52438         3.66276         9.46644       168.18269         5.51839         0.13284         0.02256         1.00000          HIDESS 
        HD10975   2456578.19029        -8.52360         3.95395         9.38605       167.69676         9.11919         0.12142         0.02627         1.00000          HIDESS 
        HD10975   2456579.17581        -8.60630         3.86951         9.42339       205.78338         9.73890         0.14265         0.02657         1.00000          HIDESS 
        HD10975   2456595.17132        -7.80720         5.68595         9.89300       188.99331        18.81796             nan             nan             nan         HIDESF1 
        HD10975   2456596.11837       -22.68425         3.48446         9.80116       179.92975         8.27896             nan             nan             nan         HIDESF1 
        HD10975   2456605.05894        -8.82416         3.34734         9.78569       181.10846         8.50271             nan             nan             nan         HIDESF1 
        HD10975   2456606.03575       -22.69847         3.37366         9.75027       181.38707         6.68882             nan             nan             nan         HIDESF1 
        HD10975   2456607.14858       -20.36612         4.52581         9.79084       168.83356        11.57563             nan             nan             nan         HIDESF1 
        HD10975   2456616.06177       -22.86316         3.42092         9.80577       167.71050         7.24607             nan             nan             nan         HIDESF1 
        HD10975   2456616.06584       -15.06594         6.50498         9.84197       188.71279        19.96291             nan             nan             nan         HIDESF1 
        HD10975   2456618.10529       -23.24524         3.63308         9.41981       186.47250         5.99900         0.13512         0.01766         1.00000          HIDESS 
        HD10975   2456626.24392         8.64809         7.16595             nan             nan             nan             nan             nan             nan         HIDESF1 
        HD10975   2456626.99503        -1.43786         4.14203         9.79283       163.37207        10.95731             nan             nan             nan         HIDESF1 
        HD10975   2456639.06387       -14.26323         3.27574         9.83488       189.20957         6.76459             nan             nan             nan         HIDESF1 
        HD10975   2456664.02022       -17.57679         3.29540         9.86187       162.12731         8.10854             nan             nan             nan         HIDESF1 
        HD10975   2456667.07775        -9.18173        10.41759         9.65018       220.86108        20.47584         0.18146         0.07424         1.00000          HIDESS 
        HD10975   2456672.08533        -7.46379         3.66446         9.83422       208.35582         9.78070             nan             nan             nan         HIDESF1 
        HD10975   2456672.96995        -5.06267         4.11401         9.83583       169.87218         9.48737             nan             nan             nan         HIDESF1 
        HD10975   2456679.03399        20.92215         4.75240         9.89361       171.29155        14.77336             nan             nan             nan         HIDESF1 
        HD10975   2456680.06217        -4.44222         3.87221         9.84133       169.59763        10.46146             nan             nan             nan         HIDESF1 
        HD10975   2456858.26686        -6.13808         7.48850         9.83375       153.46175        14.76694             nan             nan             nan         HIDESF1 
        HD10975   2456858.27693       -14.90545         4.92364         9.80851       164.27339        13.07605             nan             nan             nan         HIDESF1 
        HD10975   2456863.24323        -3.43820         3.39321         9.77927       146.97330         5.60844             nan             nan             nan         HIDESF1 
        HD10975   2456864.24627       -13.91219         4.45550         9.80953       164.96866         7.83218             nan             nan             nan         HIDESF1 
        HD10975   2456908.10902        -5.74494         3.75571         9.81254       161.24377         6.64576             nan             nan             nan         HIDESF1 
        HD10975   2456947.21466       -23.61798         3.63575         9.79837       138.67917         5.23908             nan             nan             nan         HIDESF1 
        HD10975   2456948.10792        -3.72661         3.49253         9.77496       145.95184         7.30612             nan             nan             nan         HIDESF1 
        HD10975   2456965.19646       -21.50074         2.97749         9.81073       162.07797         5.66090             nan             nan             nan         HIDESF1 
        HD10975   2456972.18077        -5.73609         3.24860         9.42490       195.83726         6.40071         0.14086         0.01691         1.00000          HIDESS 
        HD10975   2456973.18269        -0.32613         3.92382         9.44858       197.71985         9.64421         0.12171         0.02295         1.00000          HIDESS 
        HD10975   2456991.05324         3.95946         3.59706         9.78282       139.36635         7.37219             nan             nan             nan         HIDESF1 
        HD10975   2457000.08389        -5.47885         3.89515         9.82561       162.41203         8.61437             nan             nan             nan         HIDESF1 
        HD10975   2457003.13946        11.82703         8.62139         9.50921       171.94502        17.57303         0.06990         0.03112         1.00000          HIDESS 
        HD10975   2457004.01701        22.82905         3.60004         9.80962       147.07980         6.41681             nan             nan             nan         HIDESF1 
        HD10975   2457005.14167        11.78829         3.73525         9.76958       152.61783         7.28069             nan             nan             nan         HIDESF1 
        HD10975   2457006.10009        18.15548         3.55850         9.81654       165.53412         6.51813             nan             nan             nan         HIDESF1 
        HD10975   2457016.94373         8.72444         3.52650         9.80820       167.40872         6.93443             nan             nan             nan         HIDESF1 
        HD10975   2457028.96540        -2.07594         6.00845         9.72949       128.96006        10.54172             nan             nan             nan         HIDESF1 
        HD10975   2457050.02420         0.27462         4.57491         9.45712       205.38826        15.00152         0.09152         0.03445         1.00000          HIDESS 
        HD10975   2457053.97217       -10.20182         3.51911         9.82973       144.28373         9.03054             nan             nan             nan         HIDESF1 
        HD10975   2457066.99072       -10.93467         3.60139         9.76486       154.25916         8.01027             nan             nan             nan         HIDESF1 
        HD10975   2457067.95242        11.14276         3.22140         9.80878       154.36266         5.49717             nan             nan             nan         HIDESF1 
        HD10975   2457235.14069       -10.16733         3.72241         9.80773       141.06561         8.41001             nan             nan             nan         HIDESF1 
        HD10975   2457237.27908        -4.76660         3.38148         9.80494       162.35040         5.30182             nan             nan             nan         HIDESF1 
        HD10975   2457262.20405         4.16121         3.21850         9.80448       146.02109         5.17453             nan             nan             nan         HIDESF1 
        HD10975   2457304.25079         7.77724         3.52301         9.82755       172.17277         6.87915             nan             nan             nan         HIDESF1 
        HD10975   2457305.25304         8.83150         3.82041         9.83770       184.11460         9.65556             nan             nan             nan         HIDESF1 
        HD10975   2457322.12533        25.18861         3.16394         9.77813       165.30655         5.78267             nan             nan             nan         HIDESF1 
        HD10975   2457327.16089        19.16718         3.35035         9.43831       184.73798         6.33940         0.11969         0.01535         1.00000          HIDESS 
        HD10975   2457329.24823        20.80395         3.86965         9.36828       214.43468        12.89077         0.14742         0.03979         1.00000          HIDESS 
        HD10975   2457332.03853        10.69623         2.87081         9.77306       171.22717         5.99200             nan             nan             nan         HIDESF1 
        HD10975   2457368.04798         2.38097         4.10931         9.74902       149.06476         7.38440             nan             nan             nan         HIDESF1 
        HD10975   2457370.08611         7.78689         3.19295         9.82287       164.39896         6.18230             nan             nan             nan         HIDESF1 
        HD10975   2457394.10446        28.19604         4.01322         9.77560       164.50212        11.34069             nan             nan             nan         HIDESF1 
        HD10975   2457422.02362        -1.87520         3.23452         9.40836       165.87794         5.85159         0.12388         0.02432         1.00000          HIDESS 
        HD10975   2457423.95536        -2.14210         3.54193         9.80576       180.75553         8.66815             nan             nan             nan         HIDESF1 
        HD10975   2457425.92196        -2.82028         3.10332         9.75108       173.20635         6.66398             nan             nan             nan         HIDESF1 
        HD10975   2457592.17284         5.20151         3.70690         9.79132       158.29049         7.94247             nan             nan             nan         HIDESF1 
        HD10975   2457593.22328        15.29413         4.15374         9.82067       142.48756         5.73717             nan             nan             nan         HIDESF1 
        HD10975   2457625.33772         9.38802         3.34444         9.79868       143.52536         4.89283             nan             nan             nan         HIDESF1 
        HD10975   2457658.27738        18.87962         2.93076         9.80912       156.21678         4.13575             nan             nan             nan         HIDESF1 
        HD10975   2457676.21008        19.25105         3.36833         9.76615       163.58297         6.46099             nan             nan             nan         HIDESF1 
        HD10975   2457688.31214        14.94812         4.95069         9.76337       147.92857         8.72566             nan             nan             nan         HIDESF1 
        HD10975   2457722.09270       -12.81364         3.62184         9.78770       149.59242         5.84317             nan             nan             nan         HIDESF1 
        HD10975   2457752.15216        -5.73442         4.03596         9.78702       151.89639         9.38072             nan             nan             nan         HIDESF1 
        HD10975   2457753.13723        -9.52121         3.70799         9.78517       183.60002         9.01429             nan             nan             nan         HIDESF1 
        HD10975   2457790.97819        -2.79052         3.88676         9.73653       149.27949         8.44987             nan             nan             nan         HIDESF1 
        HD10975   2457807.93244        -1.23297         3.94115         9.78584       176.02889        10.98830             nan             nan             nan         HIDESF1 
        HD10975   2457923.26472        23.62975         3.63660         9.80368       150.76842         4.88359             nan             nan             nan         HIDESF1 
        HD10975   2457950.21699         5.61293         3.52607         9.84405       156.18157         8.15794             nan             nan             nan         HIDESF1 
        HD10975   2457986.22428        16.61350         3.63182         9.88826       178.68285         7.80365             nan             nan             nan         HIDESF1 
        HD10975   2458011.23457        -5.88728         4.27529         9.81380       117.91133         7.26657             nan             nan             nan         HIDESF1 
        HD10975   2458036.05575         2.64375         3.70811         9.80045       167.92914         6.98660             nan             nan             nan         HIDESF1 
        HD10975   2458072.94181        16.37120         4.48412         9.81967       153.61958         8.83952             nan             nan             nan         HIDESF1 
        HD10975   2458107.95823         5.72919         3.32215         9.83179       175.06675         6.32455             nan             nan             nan         HIDESF1 
