       HD120084   2452758.08883        24.29858        10.71901             nan             nan             nan             nan             nan             nan          HIDESS 
       HD120084   2453052.18081       -42.17861         4.36081             nan             nan             nan             nan             nan             nan          HIDESS 
       HD120084   2453131.98722       -36.21136         4.30664             nan             nan             nan             nan             nan             nan          HIDESS 
       HD120084   2453160.03372       -32.46748         3.51485             nan             nan             nan             nan             nan             nan          HIDESS 
       HD120084   2453335.31270       -13.90914         4.20111             nan             nan             nan             nan             nan             nan          HIDESS 
       HD120084   2453363.38940       -11.18784         3.82834             nan             nan             nan             nan             nan             nan          HIDESS 
       HD120084   2453424.14800         0.66342         4.71174             nan             nan             nan             nan             nan             nan          HIDESS 
       HD120084   2453447.23179       -14.23322         4.34943             nan             nan             nan             nan             nan             nan          HIDESS 
       HD120084   2453500.09891        -1.38942        10.96652             nan             nan             nan             nan             nan             nan          HIDESS 
       HD120084   2453729.36115        -0.39310         3.81400             nan             nan             nan             nan             nan             nan          HIDESS 
       HD120084   2453834.18898         9.12025         5.41128             nan             nan             nan             nan             nan             nan          HIDESS 
       HD120084   2454093.33514        26.16250         3.45903             nan             nan             nan             nan             nan             nan          HIDESS 
       HD120084   2454495.32346        37.39747         3.98015         9.70036       169.21254         9.79343         0.14930         0.03283         1.00000          HIDESS 
       HD120084   2454560.13586        56.78009         4.00971         9.63629       177.44326        11.54050         0.16658         0.05566         1.00000          HIDESS 
       HD120084   2454592.13645        38.32635         3.15061         9.68947       168.35075         7.53129         0.12114         0.02657         1.00000          HIDESS 
       HD120084   2454857.17954        36.11464         4.50661         9.68530       145.95922        11.43821         0.14569         0.09331         1.00000          HIDESS 
       HD120084   2454864.29564        20.05234         3.50230         9.62236       145.63271         7.78255         0.10652         0.03639         1.00000          HIDESS 
       HD120084   2455205.25976       -38.76034         3.36164         9.66222       151.63485         6.01999         0.08069         0.02355         1.00000          HIDESS 
       HD120084   2455269.20565       -22.65476         3.04102         9.63808       175.54797         6.48832         0.11361         0.03256         1.00000          HIDESS 
       HD120084   2455324.04813        -8.27955         2.66632         9.64723       166.65732         6.17485         0.07718         0.01594         1.00000          HIDESS 
       HD120084   2455349.06315       -27.53908         4.40701         9.59813       192.16845        18.31525         0.16567         0.07392         1.00000          HIDESS 
       HD120084   2455526.37024       -10.04938         3.69741         9.62737       148.98542         6.47500         0.16133         0.03801         1.00000          HIDESS 
       HD120084   2455582.23691        -0.95325         4.16868         9.65497       205.72355        11.73133         0.07363         0.03814         1.00000          HIDESS 
       HD120084   2455583.34488        -2.39122         3.96488         9.67540       165.33578         8.24199         0.09613         0.02615         1.00000          HIDESS 
       HD120084   2455624.30690        -5.74132         3.20884         9.62588       160.16943         6.00371         0.09334         0.02497         1.00000          HIDESS 
       HD120084   2455637.10912        -2.75248         4.21046         9.62660       197.55837        10.39720         0.03920         0.02739         1.00000          HIDESS 
       HD120084   2455657.10421         9.14336         2.78863         9.57290       144.74535         8.30022         0.22067         0.10259         1.00000          HIDESS 
       HD120084   2455690.13496         1.20962         3.89940         9.66962       153.14451         6.15364         0.04849         0.02685         1.00000          HIDESS 
       HD120084   2455712.07336         5.61846         4.67990         9.63795       155.83183        12.02432         0.03887         0.02801         1.00000          HIDESS 
       HD120084   2455716.03255         6.39355         4.97528         9.58750       126.12350         7.24389         0.20231         0.09706         1.00000          HIDESS 
       HD120084   2455922.31092        14.45299         3.41531         9.59078       151.64210         6.51133         0.09626         0.03442         1.00000          HIDESS 
       HD120084   2456089.02794        13.58917         3.35989         9.60089       137.44207         6.63128         0.09034         0.04297         1.00000          HIDESS 
       HD120084   2456288.33727        22.25814         3.26540         9.62492       128.33293         5.41371         0.03934         0.01382         1.00000          HIDESS 
       HD120084   2456414.10993        39.59401         3.55922         9.61806       148.59440         7.32916         0.05387         0.02353         1.00000          HIDESS 
       HD120084   2456639.28792        40.43067         4.18224        10.01829       166.18277         8.51334             nan             nan             nan         HIDESF1 
       HD120084   2456664.24493        51.51059         3.18254        10.03161       170.63562         7.16265             nan             nan             nan         HIDESF1 
       HD120084   2457046.30795         7.48740         4.11119         9.62036       158.31298         7.74753         0.11360         0.03737         1.00000          HIDESS 
       HD120084   2457057.23621         2.60527         3.54575         9.98110       140.82333         5.44046             nan             nan             nan         HIDESF1 
       HD120084   2457128.19743       -18.30764         3.03667         9.91025       162.33536        12.81088             nan             nan             nan         HIDESF1 
       HD120084   2457134.10318       -24.71086         3.24374         9.57375       149.54830         4.49516         0.14245         0.03312         1.00000          HIDESS 
       HD120084   2457136.15590       -27.55828         2.90262         9.63880       157.11726         5.82588         0.13224         0.03105         1.00000          HIDESS 
       HD120084   2457169.12532       -27.51372         4.19879        10.04938       174.53928        14.28016             nan             nan             nan         HIDESF1 
       HD120084   2457174.99261       -21.00965         3.05728         9.98620       141.27981         7.90329             nan             nan             nan         HIDESF1 
       HD120084   2457390.37259       -33.99963         3.49501        10.01830       149.34189         6.45105             nan             nan             nan         HIDESF1 
       HD120084   2457511.11766       -15.32763         6.04462         9.66274       168.46176        17.96311         0.12646         0.07749         1.00000          HIDESS 
       HD120084   2457512.99806       -23.10738         3.10055         9.64445       178.54388         8.42843         0.09718         0.03019         1.00000          HIDESS 
       HD120084   2457840.14048         0.25130         3.58643         9.92484       164.40480        11.10140             nan             nan             nan         HIDESF1 
       HD120084   2457885.12205         3.23965         2.53765         9.94720       146.28733         7.96819             nan             nan             nan         HIDESF1 
       HD120084   2458090.35922         4.54949         3.38538         9.97544       158.11478         6.87396             nan             nan             nan         HIDESF1 
       HD120084   2458506.26490         0.47532         4.48122        10.36467       129.64277         6.66096             nan             nan             nan         HIDESF2 
       HD120084   2458586.22459        -7.85359         4.63786        10.33159       149.80149         7.22580             nan             nan             nan         HIDESF2 
       HD120084   2458614.13557       -10.04151         4.95226        10.32829       138.76089         7.47966             nan             nan             nan         HIDESF2 
       HD120084   2458883.33928        -2.08890         3.46323        10.05342       109.87105         7.30374             nan             nan             nan         HIDESF2 
       HD120084   2458884.36841         2.65324         4.24597         9.98206       128.54082         8.15703             nan             nan             nan         HIDESF2 
       HD120084   2458885.39803        34.51724         8.94831             nan             nan             nan             nan             nan             nan         HIDESF2 
       HD120084   2458888.35081        -2.33141         4.52523        10.03796        75.73323         5.62721             nan             nan             nan         HIDESF2 
       HD120084   2458890.32644        -4.13220         3.46102        10.02403       106.79660         5.71152             nan             nan             nan         HIDESF2 
       HD120084   2458898.26761         0.90785         4.30016        10.01409       115.56400         8.43886             nan             nan             nan         HIDESF2 
       HD120084   2458899.35510         5.30797         6.85502         9.99566       144.08227        16.82622             nan             nan             nan         HIDESF2 
       HD120084   2458900.14739         5.79858         4.35784         9.99610       103.05932         8.09250             nan             nan             nan         HIDESF2 
       HD120084   2458901.15206        -3.54461         7.28352         9.94137        72.06166        13.27018             nan             nan             nan         HIDESF2 
       HD120084   2458917.32676         8.67051         4.12594        10.03024        92.10558         7.45446             nan             nan             nan         HIDESF2 
       HD120084   2458927.30079        -8.26468        11.07679        10.18871       132.21572        38.81407             nan             nan             nan         HIDESF2 
       HD120084   2458928.25709        -7.08357         6.87865        10.05602        97.04570        13.04937             nan             nan             nan         HIDESF2 
       HD120084   2458929.15319         9.65094         7.22593         9.94398        90.78253         8.91122             nan             nan             nan         HIDESF2 
       HD120084   2459188.20439       -27.28059         4.38686        10.00605        88.24921         5.43760             nan             nan             nan         HIDESF2 
