       HD127243   2452739.22246       -11.67237         8.77565             nan             nan             nan             nan             nan             nan          HIDESS 
       HD127243   2453052.16389        39.25368         6.29486             nan             nan             nan             nan             nan             nan          HIDESS 
       HD127243   2453162.18070        27.91462         6.09588             nan             nan             nan             nan             nan             nan          HIDESS 
       HD127243   2453366.34926       -42.05304         5.95076             nan             nan             nan             nan             nan             nan          HIDESS 
       HD127243   2453403.32992         1.00943         6.01030             nan             nan             nan             nan             nan             nan          HIDESS 
       HD127243   2453427.29181       -56.85798         6.11985             nan             nan             nan             nan             nan             nan          HIDESS 
       HD127243   2453449.13143       -19.81514         5.44916             nan             nan             nan             nan             nan             nan          HIDESS 
       HD127243   2453470.21821        17.66777         9.72718             nan             nan             nan             nan             nan             nan          HIDESS 
       HD127243   2453498.95075        28.23383         8.83948             nan             nan             nan             nan             nan             nan          HIDESS 
       HD127243   2453501.19285        64.27809         5.25749             nan             nan             nan             nan             nan             nan          HIDESS 
       HD127243   2453520.12077       -93.65700         4.68775             nan             nan             nan             nan             nan             nan          HIDESS 
       HD127243   2453607.99056       -14.46065         6.33599             nan             nan             nan             nan             nan             nan          HIDESS 
       HD127243   2453744.35834        70.90573         5.28676             nan             nan             nan             nan             nan             nan          HIDESS 
       HD127243   2454114.38159        -1.02311         6.05667             nan             nan             nan             nan             nan             nan          HIDESS 
       HD127243   2454495.34393       -75.87197         5.64417        10.49680       155.14759        12.01255         0.12478         0.01679         1.00000          HIDESS 
       HD127243   2454497.30943       -54.84306         5.71158        10.50233       172.98700        10.99722         0.13633         0.01573         1.00000          HIDESS 
       HD127243   2454589.12774       -14.01986         5.46463        10.32152       159.91956         7.99741         0.14756         0.01281         1.00000          HIDESS 
       HD127243   2454677.02794       -37.52394         5.15222        10.40295       182.84845        12.35578         0.13561         0.01865         1.00000          HIDESS 
       HD127243   2454855.36094       -14.58656         5.51915        10.40652       148.29079        11.94572         0.12459         0.01790         1.00000          HIDESS 
       HD127243   2455233.23499        32.82974         4.98946        10.36809       167.58445         9.67748         0.14433         0.01470         1.00000          HIDESS 
       HD127243   2455348.12508       -28.54223         4.38530        10.32315       183.42435        12.04059         0.14780         0.01736         1.00000          HIDESS 
       HD127243   2455613.27765      -123.29115         5.29091        10.38947       148.62354         8.39903         0.13714         0.01386         1.00000          HIDESS 
       HD127243   2455657.15734        58.49712         5.53137        10.40564       168.29774        10.10566         0.14340         0.01799         1.00000          HIDESS 
       HD127243   2455672.22493       -36.60748         6.02870        10.71340       188.64214        13.67812             nan             nan             nan         HIDESF1 
       HD127243   2455696.26138        40.80248         4.94851        10.80156       142.91710         8.30470             nan             nan             nan         HIDESF1 
       HD127243   2455700.06400         5.60753         5.21525        10.72789       154.99678         9.03013             nan             nan             nan         HIDESF1 
       HD127243   2456061.06742       -13.26521         4.98729        10.52214       154.61650        13.03460         0.10299         0.01486         1.00000          HIDESS 
       HD127243   2456415.10662        31.98688         6.51683        10.30828       215.62038        17.94871         0.08105         0.01246         1.00000          HIDESS 
       HD127243   2456418.08723        69.74685         4.97257        10.28480       153.43730        10.93391         0.13989         0.01904         1.00000          HIDESS 
       HD127243   2456437.15017        -5.85116         4.19471        10.32935       166.55565        13.09738         0.17404         0.02488         1.00000          HIDESS 
       HD127243   2456437.16115       -19.93031         4.79770        10.35508       158.47147        18.84437         0.11255         0.02235         1.00000          HIDESS 
       HD127243   2456437.18948       -15.75710         4.02865        10.36117       147.07593         9.71969         0.13910         0.02176         1.00000          HIDESS 
       HD127243   2456437.20060       -11.33037         4.61848        10.32612       157.42650        14.74627         0.09781         0.02001         1.00000          HIDESS 
       HD127243   2456437.21289       -14.44805         5.74496        10.37035       164.97807        16.15134         0.11249         0.02959         1.00000          HIDESS 
       HD127243   2456437.22737       -10.17432         5.24140        10.32331       163.65099        16.17506         0.11576         0.02562         1.00000          HIDESS 
       HD127243   2456438.02875         4.66112         4.71872        10.35670       128.15289         8.57190         0.13770         0.02074         1.00000          HIDESS 
       HD127243   2456438.03661        -7.63398         5.69528        10.36211       135.10107        15.83100         0.14361         0.02408         1.00000          HIDESS 
       HD127243   2456438.04364        -4.60232         5.61870        10.39995       164.22748        15.44696         0.15991         0.03219         1.00000          HIDESS 
       HD127243   2456438.15150       -45.33442         4.69244        10.31181       153.01049        11.80807         0.12412         0.02253         1.00000          HIDESS 
       HD127243   2456438.23182       -28.96487         5.35319        10.29042       143.27042         9.45193         0.13003         0.03816         1.00000          HIDESS 
       HD127243   2456438.24279       -26.28733         6.02065        10.32634       143.99333        15.29208         0.07378         0.02883         1.00000          HIDESS 
       HD127243   2456439.03208       -36.75724         5.07642        10.31770       160.73615        12.58807         0.12423         0.02049         1.00000          HIDESS 
       HD127243   2456439.07792       -29.25446         4.63437        10.39784       136.93167        12.79236         0.13166         0.01892         1.00000          HIDESS 
       HD127243   2456443.23795        22.95852         4.98177        10.65487       179.11307         7.96588             nan             nan             nan         HIDESF1 
       HD127243   2456444.07402        18.59057         5.45018        10.73390       174.72141        10.79304             nan             nan             nan         HIDESF1 
       HD127243   2456447.08858        57.28017         3.63956        10.38654       212.50385        10.65438         0.14222         0.01486         1.00000          HIDESS 
       HD127243   2456448.15005        55.89775         4.30030        10.33532       181.49360        15.86915         0.13788         0.02291         1.00000          HIDESS 
       HD127243   2456450.06361        83.20962         4.42836        10.38235       185.75478         9.41330         0.13472         0.01734         1.00000          HIDESS 
       HD127243   2456451.10925        45.16807         5.44624        10.42746       196.21773        12.62312         0.13306         0.01977         1.00000          HIDESS 
       HD127243   2456507.01330        17.74067         5.25786        10.27177       154.98666        17.57594         0.10508         0.02643         1.00000          HIDESS 
       HD127243   2456507.99271        40.46001         5.70292        10.39397       133.34895        19.68116         0.13429         0.03121         1.00000          HIDESS 
       HD127243   2456513.99924        46.88808         5.48822        10.75583       160.74185        15.40965             nan             nan             nan         HIDESF1 
       HD127243   2456515.96798         3.19846         5.79396        10.75366       135.77191        11.87318             nan             nan             nan         HIDESF1 
       HD127243   2456518.99358       -33.02505         5.82012        10.77431       121.70762         9.65593             nan             nan             nan         HIDESF1 
       HD127243   2456524.95305       -78.15908         5.78151        10.73470       146.72849        11.03754             nan             nan             nan         HIDESF1 
       HD127243   2456552.91438       -51.64157         5.48673        10.72649       154.55271        10.60900             nan             nan             nan         HIDESF1 
       HD127243   2456553.93418       -90.57617         5.19630        10.70333       170.22134        13.95402             nan             nan             nan         HIDESF1 
       HD127243   2456579.89439         1.64212         6.94945        10.40099       165.04611        18.50532         0.14346         0.08581         1.00000          HIDESS 
       HD127243   2456619.37111       -16.62940         5.71498        10.32712       130.19999        13.49788         0.12532         0.06458         1.00000          HIDESS 
       HD127243   2456625.37132        -1.76841         6.71376        10.76873       163.14388        16.45039             nan             nan             nan         HIDESF1 
       HD127243   2456628.38099        59.09900         6.26263        10.72404       159.91506        16.12229             nan             nan             nan         HIDESF1 
       HD127243   2456648.35540      -120.65811         6.62741        10.79577       200.71408        19.30903             nan             nan             nan         HIDESF1 
       HD127243   2456664.25029        40.30872         6.40999        10.75788       201.41575        20.41157             nan             nan             nan         HIDESF1 
       HD127243   2456673.32811       -68.43008         6.33103        10.77404       179.85967        13.36358             nan             nan             nan         HIDESF1 
       HD127243   2456679.28839      -121.99797         7.56623        10.76349       159.47963        13.64985             nan             nan             nan         HIDESF1 
       HD127243   2456680.31890      -117.08185         5.84174        10.77827       168.80443         9.74295             nan             nan             nan         HIDESF1 
       HD127243   2456681.34498       -73.31631         5.87520        10.75335       177.83084        13.45869             nan             nan             nan         HIDESF1 
       HD127243   2456697.29361         4.70383         6.49177        10.86364       161.23148        10.16350             nan             nan             nan         HIDESF1 
       HD127243   2456727.20574        22.69207         4.80050        10.76225       168.58466        13.93677             nan             nan             nan         HIDESF1 
       HD127243   2456730.19631         8.25623         5.03436        10.71028       161.06300        18.52118             nan             nan             nan         HIDESF1 
       HD127243   2456731.24542         3.05875         5.57338        10.72781       177.01207        15.26447             nan             nan             nan         HIDESF1 
       HD127243   2456732.19480       -44.95415         4.47030        10.70773       157.66255        11.60435             nan             nan             nan         HIDESF1 
       HD127243   2456735.15387       -58.99616         5.06313        10.75084       148.02252        13.45898             nan             nan             nan         HIDESF1 
       HD127243   2456737.25787       -48.05644         5.30820        10.77473       162.82983        17.48742             nan             nan             nan         HIDESF1 
       HD127243   2456738.32806       -12.76116         4.58519        10.76408       127.84435         8.77549             nan             nan             nan         HIDESF1 
       HD127243   2456741.27991         0.58841         5.86217        10.31300       132.66694         9.35425         0.14422         0.01900         1.00000          HIDESS 
       HD127243   2456752.17146        99.59841         7.94337        10.38344       152.53926        13.28512         0.09961         0.02531         1.00000          HIDESS 
       HD127243   2456754.14486        27.45176         5.99380        10.42227       190.22702        16.21900         0.11334         0.02241         1.00000          HIDESS 
       HD127243   2456755.18164        54.99406         5.77517        10.76572       193.12546        19.68762             nan             nan             nan         HIDESF1 
       HD127243   2456758.34568       110.79320         4.71547        10.92975       184.74223        10.21784             nan             nan             nan         HIDESF1 
       HD127243   2456759.33359        70.13522         9.78392        10.80437       177.14270         7.00841             nan             nan             nan         HIDESF1 
       HD127243   2456761.26305        24.05240         5.29477        10.70586       184.43248        11.25536             nan             nan             nan         HIDESF1 
       HD127243   2456767.16042       -22.66601         5.38425        10.73609       171.54905        13.81960             nan             nan             nan         HIDESF1 
       HD127243   2456778.26154        57.66474         6.94532        10.70764       133.39431        13.86667             nan             nan             nan         HIDESF1 
       HD127243   2456781.12339        82.39482         7.45414        10.74210       143.25032        13.02110             nan             nan             nan         HIDESF1 
       HD127243   2456786.07644        62.30226         5.18681        10.80635       162.31214        15.44652             nan             nan             nan         HIDESF1 
       HD127243   2456799.15955       -63.35681         4.19349        10.46254       159.75402        12.09529         0.12342         0.02222         1.00000          HIDESS 
       HD127243   2456800.17975       -65.83779         5.25666        10.34100       185.57971        13.20983         0.12818         0.02491         1.00000          HIDESS 
       HD127243   2456812.13865        54.31014         8.18993        10.75705       150.96721        24.81535             nan             nan             nan         HIDESF1 
       HD127243   2456816.04564        62.89348         8.84444        10.47916       157.30240        37.33631         0.14880         0.03655         1.00000          HIDESS 
       HD127243   2456817.09672        27.95883         4.82278        10.44433       163.50660         9.55715         0.14006         0.01886         1.00000          HIDESS 
       HD127243   2456856.06012       -91.90091         4.47307        10.70176       135.19107         8.37458             nan             nan             nan         HIDESF1 
       HD127243   2456861.08922       -68.38067         7.65535        10.74874       179.12715        22.65054             nan             nan             nan         HIDESF1 
       HD127243   2456863.01198       -63.56713         5.81275        10.69700       203.52643        12.00747             nan             nan             nan         HIDESF1 
       HD127243   2456886.97842         2.35478         6.35357        10.70524        99.54523         7.70483             nan             nan             nan         HIDESF1 
       HD127243   2456890.96234       -39.18713         6.47830        10.20476       136.09352        13.09632         0.13862         0.03106         1.00000          HIDESS 
       HD127243   2456907.96164        28.27956         5.17867        10.76243       173.64877        12.68763             nan             nan             nan         HIDESF1 
       HD127243   2456946.90416       -56.13800         6.84918        10.71376       148.71878        13.16646             nan             nan             nan         HIDESF1 
       HD127243   2456991.33029       -30.73588         5.92325        10.69417       153.67783         9.18980             nan             nan             nan         HIDESF1 
       HD127243   2457000.38400       -32.53149         5.54245        10.67417       112.96762         7.82358             nan             nan             nan         HIDESF1 
       HD127243   2457005.30594       -39.16166         6.39608        10.69160       151.84906        14.67582             nan             nan             nan         HIDESF1 
       HD127243   2457017.29392        19.07058         8.57774        10.62793       120.90740         9.35782             nan             nan             nan         HIDESF1 
       HD127243   2457027.29178        59.48853         6.09296        10.77455       177.29590        11.74510             nan             nan             nan         HIDESF1 
       HD127243   2457051.25911        32.73161         5.33214        10.31997       167.33017        15.36288         0.08555         0.01578         1.00000          HIDESS 
       HD127243   2457051.31947        44.94841         4.98557        10.35425       151.69070        12.04012         0.12355         0.01784         1.00000          HIDESS 
       HD127243   2457054.22911        49.57335         6.95682        10.69972       176.22151        10.60171             nan             nan             nan         HIDESF1 
       HD127243   2457066.15318       -23.68719         7.02083        10.67437       151.90124        13.59346             nan             nan             nan         HIDESF1 
       HD127243   2457067.27079       -58.06561         5.92227        10.71843       174.07407        15.50897             nan             nan             nan         HIDESF1 
       HD127243   2457091.27681        45.76000         4.58171        10.75430       182.48309        16.58761             nan             nan             nan         HIDESF1 
       HD127243   2457092.18235        10.13285         5.00765        10.68161       151.49964        13.77881             nan             nan             nan         HIDESF1 
       HD127243   2457092.32370        31.42185         4.80922        10.75231       133.17842        11.76914             nan             nan             nan         HIDESF1 
       HD127243   2457107.30953        26.56690         4.03935        10.67912       123.57002         8.14608             nan             nan             nan         HIDESF1 
       HD127243   2457124.24071       -30.78700         5.49636        10.87855       163.36062        12.41161             nan             nan             nan         HIDESF1 
       HD127243   2457128.10060       -75.86501         4.81435        10.74977       142.06230        11.14236             nan             nan             nan         HIDESF1 
       HD127243   2457134.12355       -90.99106         5.73907        10.28269       169.62497         8.13804         0.13355         0.01344         1.00000          HIDESS 
       HD127243   2457136.17959       -31.88295         4.83193        10.36066       159.61669         7.64320         0.15153         0.01384         1.00000          HIDESS 
       HD127243   2457140.15378       -22.61730         6.13317        10.74679       153.91236        14.48734             nan             nan             nan         HIDESF1 
       HD127243   2457169.11539        -5.69940         5.67849        10.68192       159.08659        12.92967             nan             nan             nan         HIDESF1 
       HD127243   2457172.09532        24.95796         5.54583        10.74438       181.56882        12.69416             nan             nan             nan         HIDESF1 
       HD127243   2457174.10085        29.76101         6.22722        10.70237       191.49302        18.03278             nan             nan             nan         HIDESF1 
       HD127243   2457174.16284        12.57773         5.79535        10.70692       166.88726        12.96893             nan             nan             nan         HIDESF1 
       HD127243   2457175.00355        33.06681         6.58109        10.67430       199.86288        20.35944             nan             nan             nan         HIDESF1 
       HD127243   2457234.01967        86.07728         3.96515        10.33725       169.74893         9.23942         0.13911         0.01613         1.00000          HIDESS 
       HD127243   2457236.05513        27.30978         5.25538        10.78879       183.16716        10.44927             nan             nan             nan         HIDESF1 
       HD127243   2457236.95092        46.34633         4.83481        10.81305       183.60389         8.70377             nan             nan             nan         HIDESF1 
       HD127243   2457237.03441        68.25820         5.37287        10.80324       156.02965        10.14687             nan             nan             nan         HIDESF1 
       HD127243   2457237.09950        91.05901         5.57713        10.80964       153.19667        13.49614             nan             nan             nan         HIDESF1 
       HD127243   2457237.97384        86.81712         5.58315        10.76125       157.52229        12.16625             nan             nan             nan         HIDESF1 
       HD127243   2457238.07876        61.60496         6.00452        10.74718       160.43849        22.42776             nan             nan             nan         HIDESF1 
       HD127243   2457261.93047         4.43043         6.48828        10.69194       134.17174         8.69297             nan             nan             nan         HIDESF1 
       HD127243   2457283.93519       -87.27594         5.86983        10.74021       139.54263         7.91304             nan             nan             nan         HIDESF1 
       HD127243   2457361.36378        47.39071         6.29520        10.72883       177.35050        17.49855             nan             nan             nan         HIDESF1 
       HD127243   2457378.31729       -54.29194         6.09266        10.65171       157.38717         9.75371             nan             nan             nan         HIDESF1 
       HD127243   2457392.30686        22.07207         5.82194        10.74302       140.39936        10.62578             nan             nan             nan         HIDESF1 
       HD127243   2457401.20418       -87.34349         6.34650        10.76462       164.33349        18.35562             nan             nan             nan         HIDESF1 
       HD127243   2457402.40621       -99.44521         7.93009        10.79931       148.28609        12.95259             nan             nan             nan         HIDESF1 
       HD127243   2457403.31668       -78.87232         5.33013        10.78069       165.18208         8.84920             nan             nan             nan         HIDESF1 
       HD127243   2457511.24584        95.54476         7.10550        10.37124       140.96852        12.75794         0.11597         0.03128         1.00000          HIDESS 
       HD127243   2457513.07089        61.12223         4.39148        10.43505       156.80310         7.23990         0.12486         0.01307         1.00000          HIDESS 
       HD127243   2457523.11701       -58.99233         6.89920        10.70124       154.64422         9.71660             nan             nan             nan         HIDESF1 
       HD127243   2457591.05496       -48.16429         5.89363        10.68335       135.74273        13.31983             nan             nan             nan         HIDESF1 
       HD127243   2457795.34124       -48.01944         6.39393        10.70001       184.72009        17.56788             nan             nan             nan         HIDESF1 
       HD127243   2457866.30646         8.34942         5.90570        10.66313       152.57766        10.83776             nan             nan             nan         HIDESF1 
       HD127243   2457896.10672       -12.24534         5.06940        10.67767       174.48855        12.07310             nan             nan             nan         HIDESF1 
       HD127243   2457957.98389       -29.74696         5.92612        10.82455       160.58001        13.17679             nan             nan             nan         HIDESF1 
       HD127243   2457989.95434        29.97597         5.27567        10.71537       153.56761        11.68501             nan             nan             nan         HIDESF1 
       HD127243   2458035.91001       -41.86780         5.89728        10.79131       130.54614        13.35373             nan             nan             nan         HIDESF1 
       HD127243   2458470.34669        -5.30560         7.97290             nan             nan             nan             nan             nan             nan         HIDESF2 
       HD127243   2458529.14073        -4.30896         6.09389        11.06442       181.63596        13.58901             nan             nan             nan         HIDESF2 
       HD127243   2458547.28470        32.77883         7.16151        11.12116       143.61436        12.97593             nan             nan             nan         HIDESF2 
       HD127243   2458555.14985       -14.23950         7.57404        11.11054        85.57082         6.89654             nan             nan             nan         HIDESF2 
       HD127243   2458580.25333        -6.01827         6.50135        11.11763       124.43747        11.84607             nan             nan             nan         HIDESF2 
       HD127243   2458611.12433       -26.07300         5.07533        11.09976       130.29956        13.36128             nan             nan             nan         HIDESF2 
       HD127243   2458652.11048       -21.70995         7.89833             nan             nan             nan             nan             nan             nan         HIDESF2 
       HD127243   2458680.11068       -18.74146         6.94070        11.07978       164.00300        23.63860             nan             nan             nan         HIDESF2 
       HD127243   2458826.36965       -78.89604         5.39785        10.78749       158.58950        17.48505             nan             nan             nan         HIDESF2 
       HD127243   2458827.33800       -87.71000         6.16879        10.79941       128.27344        21.63907             nan             nan             nan         HIDESF2 
       HD127243   2458828.31677       -86.66815         6.33346        10.77725       106.23758        11.61389             nan             nan             nan         HIDESF2 
       HD127243   2458830.33174       -68.79970         6.90792        10.83118       130.30196        25.98918             nan             nan             nan         HIDESF2 
       HD127243   2458833.32282       -14.10786         6.49664        10.71885       112.87917        18.88930             nan             nan             nan         HIDESF2 
       HD127243   2458838.34960        64.58548         9.40759        10.77621        75.10075        31.73746             nan             nan             nan         HIDESF2 
       HD127243   2458840.33735       111.02686         6.85138        10.76643       130.89376        20.17782             nan             nan             nan         HIDESF2 
       HD127243   2458852.35638        41.14319         6.81188        10.82181       121.78775        13.91460             nan             nan             nan         HIDESF2 
       HD127243   2458878.27185        25.06992         6.75021        10.80505        88.98898         5.94596             nan             nan             nan         HIDESF2 
       HD127243   2458879.18957        52.04985         6.82271        10.86144        60.87876        11.82804             nan             nan             nan         HIDESF2 
       HD127243   2458882.24373         0.80581         5.96028        10.84200       133.71244        14.88100             nan             nan             nan         HIDESF2 
       HD127243   2458883.28548       -52.39589         7.37595        10.83980       127.45800        10.75547             nan             nan             nan         HIDESF2 
       HD127243   2458884.24571       -32.70096         5.59903        10.89564       136.53827        12.77903             nan             nan             nan         HIDESF2 
       HD127243   2458885.38937       -73.25265         6.29003        10.82428       116.88356        12.22390             nan             nan             nan         HIDESF2 
       HD127243   2458887.28760       -51.83708         6.82283        10.82737       126.87816        23.93252             nan             nan             nan         HIDESF2 
       HD127243   2458888.18625       -39.13771         9.15613        10.78783        60.14067        18.48224             nan             nan             nan         HIDESF2 
       HD127243   2458889.19072       -35.13927         6.15855        10.77528       167.18446        20.02922             nan             nan             nan         HIDESF2 
       HD127243   2458890.27369       -43.01907         5.75928        10.76852       118.62797        10.59087             nan             nan             nan         HIDESF2 
       HD127243   2458891.27640       -24.94980         6.86263        10.71602       131.08455         8.63135             nan             nan             nan         HIDESF2 
       HD127243   2458894.16726       -74.48959         6.45402        10.74873       114.63744        15.18195             nan             nan             nan         HIDESF2 
       HD127243   2458898.11532        -8.66174         9.01330        10.73379       141.11327        35.17046             nan             nan             nan         HIDESF2 
       HD127243   2458899.20030         0.09377         6.04948        10.80596       162.86191        13.68809             nan             nan             nan         HIDESF2 
       HD127243   2458900.10732        37.99496         9.16632        10.83384       120.18372        25.29947             nan             nan             nan         HIDESF2 
       HD127243   2458917.32140       -44.30255         7.01465        10.85079       128.29576        15.03718             nan             nan             nan         HIDESF2 
       HD127243   2458920.07282       -67.09356         8.48546        10.85883       105.32347        20.90718             nan             nan             nan         HIDESF2 
       HD127243   2458921.18600       -22.46095         6.44401        10.80878        93.03178        10.21619             nan             nan             nan         HIDESF2 
       HD127243   2458925.05052       -20.48060         8.58653        10.64272       123.60326        26.18542             nan             nan             nan         HIDESF2 
       HD127243   2458926.04470       -44.98055         7.29817        10.70358       103.54566        16.19510             nan             nan             nan         HIDESF2 
       HD127243   2458927.21076       -16.98618         6.37325        10.77302       138.38830        17.17485             nan             nan             nan         HIDESF2 
       HD127243   2458929.04856         9.19310         8.89928        10.75627       114.10296        26.32672             nan             nan             nan         HIDESF2 
       HD127243   2458930.08449        27.19885         8.54774        10.88259       146.91094        17.28490             nan             nan             nan         HIDESF2 
       HD127243   2458941.16893         2.01006         8.97630        10.93636        84.56739        19.54366             nan             nan             nan         HIDESF2 
       HD127243   2458942.07605         4.57503         6.34853        10.85162        78.23547        12.03135             nan             nan             nan         HIDESF2 
       HD127243   2458943.25019        -3.72981         6.77152        10.86320        87.82282        12.59590             nan             nan             nan         HIDESF2 
       HD127243   2458945.00375       -26.24804         9.02296        10.90722        98.07479        21.18740             nan             nan             nan         HIDESF2 
       HD127243   2458946.03001       -49.68808         8.29340        10.82996        75.83855        15.42778             nan             nan             nan         HIDESF2 
       HD127243   2458947.09353       -28.62400         6.49219        10.89962       114.95906        15.11082             nan             nan             nan         HIDESF2 
       HD127243   2458948.21963       -49.41278         7.10481        10.82278       122.29520        18.36895             nan             nan             nan         HIDESF2 
       HD127243   2458949.10485       -69.83868         9.03020        10.91550       120.27222        41.50870             nan             nan             nan         HIDESF2 
       HD127243   2458955.13050       -14.36555         6.49214        10.77393       123.28994        20.95891             nan             nan             nan         HIDESF2 
       HD127243   2458955.99823       -21.24660         7.35885        10.80022       158.54313        19.85511             nan             nan             nan         HIDESF2 
       HD127243   2458960.03081         5.33709         9.15665        10.64464       187.01650        21.84125             nan             nan             nan         HIDESF2 
       HD127243   2458963.08146        32.83516         8.00738        10.82406        99.35035        15.86785             nan             nan             nan         HIDESF2 
       HD127243   2458964.14097        32.08449         6.05396        10.72480       150.61033        19.18461             nan             nan             nan         HIDESF2 
       HD127243   2458965.03149        62.28393         5.83570        10.75179       127.80543        12.78260             nan             nan             nan         HIDESF2 
       HD127243   2458966.01711        54.48630         7.87964        10.73035       114.22835        16.53454             nan             nan             nan         HIDESF2 
       HD127243   2458967.26026        46.42347         9.14260        10.75480       137.54235        19.92643             nan             nan             nan         HIDESF2 
       HD127243   2458968.03792        36.04559         6.24005        10.72278       167.45440        15.37395             nan             nan             nan         HIDESF2 
       HD127243   2458969.02905        56.76744         5.51461        10.85896       142.09175        10.49908             nan             nan             nan         HIDESF2 
       HD127243   2458969.99369        42.68794         6.34533        10.77350       124.18928        15.60282             nan             nan             nan         HIDESF2 
       HD127243   2458972.11943        43.67803         8.38770        10.86343       114.20305        18.81213             nan             nan             nan         HIDESF2 
       HD127243   2458977.07500       -20.66719         6.03981        10.75338        91.37882        12.31672             nan             nan             nan         HIDESF2 
       HD127243   2458982.15523       -36.89541         8.21465        10.68401       133.34078        21.96983             nan             nan             nan         HIDESF2 
       HD127243   2458983.02703       -35.51584         6.18179        10.66724        99.80911        11.67453             nan             nan             nan         HIDESF2 
       HD127243   2458990.10323        59.10977         9.35827        10.85412       165.28612        25.47615             nan             nan             nan         HIDESF2 
       HD127243   2458991.14674        77.38325         8.67433        10.79036        46.74734        15.55627             nan             nan             nan         HIDESF2 
       HD127243   2458992.09607        55.78220         6.18078        10.78339        96.20786        11.33984             nan             nan             nan         HIDESF2 
       HD127243   2458993.12517        82.68187         8.01794        10.77780        98.63125        15.53764             nan             nan             nan         HIDESF2 
       HD127243   2458994.11011        47.96004         7.32916        10.78566        89.80353        15.19380             nan             nan             nan         HIDESF2 
       HD127243   2458998.00633        88.30054         6.67247        10.73228       131.19159        16.91669             nan             nan             nan         HIDESF2 
       HD127243   2458999.06787        70.84257         6.42091        10.83874       109.33944        13.92944             nan             nan             nan         HIDESF2 
       HD127243   2459003.03882        45.44422         7.07847        10.92558       126.74417        20.03791             nan             nan             nan         HIDESF2 
       HD127243   2459005.03901        30.09645         9.07540        10.85804        95.12473        25.68270             nan             nan             nan         HIDESF2 
       HD127243   2459008.05569       -12.90728         5.31725        10.75290       155.72840        13.83917             nan             nan             nan         HIDESF2 
       HD127243   2459009.04259        -7.07758         6.96803        10.78032       135.10431        23.29999             nan             nan             nan         HIDESF2 
       HD127243   2459071.98606       -18.54582         5.97374        10.78177       103.93189        18.51207             nan             nan             nan         HIDESF2 
       HD127243   2459072.96114       -48.73760         7.87241        10.73026       115.68654        17.59965             nan             nan             nan         HIDESF2 
       HD127243   2459073.96785       -33.23227         6.47328        10.67108       106.81261        16.04102             nan             nan             nan         HIDESF2 
       HD127243   2459074.95994       -64.47585         7.43846        10.65473        94.14318        12.37460             nan             nan             nan         HIDESF2 
       HD127243   2459075.95836       -54.30929         6.36367        10.78379       100.78355        10.29596             nan             nan             nan         HIDESF2 
       HD127243   2459076.94881       -26.72955         5.86394        10.81186       129.83463        13.62158             nan             nan             nan         HIDESF2 
       HD127243   2459080.93708        14.41389         6.52952        10.78655       113.70052        19.90257             nan             nan             nan         HIDESF2 
       HD127243   2459081.98670         0.79945         5.80266        10.71677       112.78913        27.75559             nan             nan             nan         HIDESF2 
       HD127243   2459085.93247        28.96337         7.40890        10.76066       164.76695        26.73163             nan             nan             nan         HIDESF2 
       HD127243   2459088.02004        45.90049         9.03695        10.83181       119.65634        24.37226             nan             nan             nan         HIDESF2 
       HD127243   2459095.94984        -4.55816         8.26167        10.88602       122.24662        15.16321             nan             nan             nan         HIDESF2 
       HD127243   2459097.92164         0.51724         6.60127        10.93871       173.68962        21.32087             nan             nan             nan         HIDESF2 
       HD127243   2459099.91926       -30.03780         6.96009        10.83459       114.31482        19.76805             nan             nan             nan         HIDESF2 
       HD127243   2459102.93112       -81.60979        16.50983        10.66089       166.07619        38.80472             nan             nan             nan         HIDESF2 
       HD127243   2459106.91995       -35.31171         7.74745        10.80723       148.66184        16.68728             nan             nan             nan         HIDESF2 
       HD127243   2459107.93400        -8.27981         9.20325        10.71844       131.82062        19.09307             nan             nan             nan         HIDESF2 
       HD127243   2459113.91177        22.92995         9.23840        10.75926       138.17693        26.79772             nan             nan             nan         HIDESF2 
       HD127243   2459167.36402        -8.77571         5.84243        10.75289       135.67810        10.95808             nan             nan             nan         HIDESF2 
       HD127243   2459191.32402       -79.28823         9.62298        10.78429       207.67332        15.00545             nan             nan             nan         HIDESF2 
       HD127243   2459217.40408       -52.84523         6.30997        10.82342        96.70859        12.67460             nan             nan             nan         HIDESF2 
       HD127243   2459221.39523       -68.97232        11.03761        10.70613       138.91251        24.76904             nan             nan             nan         HIDESF2 
       HD127243   2459233.31843        24.14402         7.30445        10.78930       171.21763        23.61625             nan             nan             nan         HIDESF2 
       HD127243   2459234.39311        22.98644         7.82559        10.77810       182.66411        24.95941             nan             nan             nan         HIDESF2 
       HD127243   2459235.35311        50.40442         6.47318        10.82676       173.17550        11.23158             nan             nan             nan         HIDESF2 
       HD127243   2459239.36318        60.81002         6.85600        10.82134       108.66181        18.00223             nan             nan             nan         HIDESF2 
       HD127243   2459248.14519        20.61932         7.84238        10.77876       101.88685        14.11705             nan             nan             nan         HIDESF2 
       HD127243   2459249.33208       -14.53453         6.83189        10.81990       114.16453        16.35679             nan             nan             nan         HIDESF2 
       HD127243   2459251.38005       -18.28175         6.89824        10.82852       128.73379        17.33889             nan             nan             nan         HIDESF2 
       HD127243   2459252.23111         6.54943         6.73527        10.82551        92.77597        14.16646             nan             nan             nan         HIDESF2 
       HD127243   2459265.22445        -2.13041        10.27126        10.77066       169.92156        26.82686             nan             nan             nan         HIDESF2 
       HD127243   2459268.26285        45.09130        16.72362        11.03322       136.70294        27.29409             nan             nan             nan         HIDESF2 
       HD127243   2459269.18107        26.02139        11.32206        10.84206       179.66540        31.53195             nan             nan             nan         HIDESF2 
       HD127243   2459270.32566        59.32311        10.08050        10.81790       149.53357        39.98694             nan             nan             nan         HIDESF2 
       HD127243   2459274.22911        38.23725        11.93751        10.72050       174.60826        41.05819             nan             nan             nan         HIDESF2 
       HD127243   2459276.20034         5.28058         7.82011        10.82067       184.00566        25.03777             nan             nan             nan         HIDESF2 
       HD127243   2459277.27260         9.38170        10.06262        10.80338       161.87434        24.87924             nan             nan             nan         HIDESF2 
       HD127243   2459282.15770       -16.05355         9.71953        10.74230       142.31272        21.58351             nan             nan             nan         HIDESF2 
       HD127243   2459300.29123        95.42854        12.36206        10.82679       108.93029        32.99133             nan             nan             nan         HIDESF2 
       HD127243   2459303.33000        79.54655        10.00905        10.90255       154.85164        12.96446             nan             nan             nan         HIDESF2 
       HD127243   2459304.06399        53.31289        11.08966        10.83829       128.21493        10.35067             nan             nan             nan         HIDESF2 
       HD127243   2459305.25280        45.83114         9.06787        10.77613       122.94311        29.18733             nan             nan             nan         HIDESF2 
       HD127243   2459306.07340        71.32482         9.83694        10.84832       125.89952        26.81622             nan             nan             nan         HIDESF2 
       HD127243   2459324.04163         2.32637         7.99636        10.75363       105.67084        16.37588             nan             nan             nan         HIDESF2 
       HD127243   2459325.04917        66.34511         5.90784        10.78576        73.52202         9.87056             nan             nan             nan         HIDESF2 
       HD127243   2459326.08742        67.77778         6.15107        10.74275       138.10282        28.07322             nan             nan             nan         HIDESF2 
       HD127243   2459329.14718        45.43956         6.95370        10.75427       152.11474        26.21343             nan             nan             nan         HIDESF2 
       HD127243   2459330.04240        22.39396         9.96819        10.78815       193.83693        47.76312             nan             nan             nan         HIDESF2 
       HD127243   2459331.24248        41.23242         9.01054        10.81711       212.97007        39.92211             nan             nan             nan         HIDESF2 
       HD127243   2459338.05245        -4.60542         6.73619        10.85953       103.72520         9.35278             nan             nan             nan         HIDESF2 
       HD127243   2459357.12520        45.98374         7.67292        10.75344       100.51782        18.08470             nan             nan             nan         HIDESF2 
       HD127243   2459364.13524        26.77730         8.21492        10.73125        80.90305        27.60855             nan             nan             nan         HIDESF2 
       HD127243   2459364.95715        28.17017         7.64107        10.76461       117.57656        28.42165             nan             nan             nan         HIDESF2 
       HD127243   2459366.11298        14.99456         8.04985        10.81760        68.65367        13.86719             nan             nan             nan         HIDESF2 
       HD127243   2459368.12542        -4.76090        11.26923        10.79333       173.63133        62.41404             nan             nan             nan         HIDESF2 
       HD127243   2459372.15943       -13.08073        10.64234        10.82234       161.82924        10.15887             nan             nan             nan         HIDESF2 
       HD127243   2459373.02527       -28.33525         6.86833        10.77120       154.33708        24.04306             nan             nan             nan         HIDESF2 
       HD127243   2459374.08334        12.98484        11.74981        10.59390       193.53165        67.50062             nan             nan             nan         HIDESF2 
       HD127243   2459375.01182       -19.09050         6.10398        10.77694        84.66123        16.09169             nan             nan             nan         HIDESF2 
       HD127243   2459385.12745        11.02261         9.89055        10.66743        89.79801        39.22459             nan             nan             nan         HIDESF2 
       HD127243   2459386.16064         0.75636         6.62657        10.71775       176.42697        29.91315             nan             nan             nan         HIDESF2 
       HD127243   2459490.89222        20.90279        12.41102        10.89520       140.18989        54.17656             nan             nan             nan         HIDESF2 
