       HD138905   2452313.35268       108.04301         3.94146             nan             nan             nan             nan             nan             nan          HIDESS 
       HD138905   2452488.01463       -36.03925         4.40500             nan             nan             nan             nan             nan             nan          HIDESS 
       HD138905   2452507.95757       -27.59861         3.96557             nan             nan             nan             nan             nan             nan          HIDESS 
       HD138905   2452680.38455       -54.22674         6.77591             nan             nan             nan             nan             nan             nan          HIDESS 
       HD138905   2452710.34193       -59.24504         5.47521             nan             nan             nan             nan             nan             nan          HIDESS 
       HD138905   2452736.27129       -49.74897         5.43032             nan             nan             nan             nan             nan             nan          HIDESS 
       HD138905   2452783.20444       -49.90683         8.75945             nan             nan             nan             nan             nan             nan          HIDESS 
       HD138905   2453003.37502        30.19698         6.45704             nan             nan             nan             nan             nan             nan          HIDESS 
       HD138905   2453024.34056        29.83121         3.78467             nan             nan             nan             nan             nan             nan          HIDESS 
       HD138905   2453057.31185        38.26306         3.62645             nan             nan             nan             nan             nan             nan          HIDESS 
       HD138905   2453080.30938        55.70307         4.00776             nan             nan             nan             nan             nan             nan          HIDESS 
       HD138905   2453100.22016        65.32105         4.11003             nan             nan             nan             nan             nan             nan          HIDESS 
       HD138905   2453201.00649       105.64138         4.12071             nan             nan             nan             nan             nan             nan          HIDESS 
       HD138905   2453366.38136        36.77926         4.34092             nan             nan             nan             nan             nan             nan          HIDESS 
       HD138905   2453378.33030        35.35626         4.06703             nan             nan             nan             nan             nan             nan          HIDESS 
       HD138905   2453403.35604        52.85074         3.73534             nan             nan             nan             nan             nan             nan          HIDESS 
       HD138905   2453404.38776        34.03993         3.63804             nan             nan             nan             nan             nan             nan          HIDESS 
       HD138905   2453425.30723        13.38556         4.32156             nan             nan             nan             nan             nan             nan          HIDESS 
       HD138905   2453447.35278        31.02425        10.45565             nan             nan             nan             nan             nan             nan          HIDESS 
       HD138905   2453448.24188        29.05335         4.63880             nan             nan             nan             nan             nan             nan          HIDESS 
       HD138905   2453468.18710        29.10392         6.37284             nan             nan             nan             nan             nan             nan          HIDESS 
       HD138905   2453495.16072        39.50734         6.44967             nan             nan             nan             nan             nan             nan          HIDESS 
       HD138905   2453522.09001        -8.75656         4.32034             nan             nan             nan             nan             nan             nan          HIDESS 
       HD138905   2453526.16653       -20.85669         5.32392             nan             nan             nan             nan             nan             nan          HIDESS 
       HD138905   2453576.97493       -21.70328         3.93727             nan             nan             nan             nan             nan             nan          HIDESS 
       HD138905   2453581.97915       -42.19405         4.76823             nan             nan             nan             nan             nan             nan          HIDESS 
       HD138905   2453598.96944       -48.90619         4.44165             nan             nan             nan             nan             nan             nan          HIDESS 
       HD138905   2453635.91283       -56.61407         9.58360             nan             nan             nan             nan             nan             nan          HIDESS 
       HD138905   2453729.38753      -100.24753         4.61645             nan             nan             nan             nan             nan             nan          HIDESS 
       HD138905   2453742.38650       -71.94384         3.78632             nan             nan             nan             nan             nan             nan          HIDESS 
       HD138905   2453743.38309       -62.28139         3.74773             nan             nan             nan             nan             nan             nan          HIDESS 
       HD138905   2453775.32912      -101.92744         3.88193             nan             nan             nan             nan             nan             nan          HIDESS 
       HD138905   2453813.33537      -107.50647         4.34624             nan             nan             nan             nan             nan             nan          HIDESS 
       HD138905   2453833.29323       -89.64854         5.17156             nan             nan             nan             nan             nan             nan          HIDESS 
       HD138905   2453853.15782       -45.16206         5.63011             nan             nan             nan             nan             nan             nan          HIDESS 
       HD138905   2453887.16391       -38.47251         6.87878             nan             nan             nan             nan             nan             nan          HIDESS 
       HD138905   2453937.97053        30.90833        11.08676             nan             nan             nan             nan             nan             nan          HIDESS 
       HD138905   2453962.94799        51.84401         4.77934             nan             nan             nan             nan             nan             nan          HIDESS 
       HD138905   2453970.97500        45.22737         5.00641             nan             nan             nan             nan             nan             nan          HIDESS 
       HD138905   2454092.38006        54.74485         4.30434             nan             nan             nan             nan             nan             nan          HIDESS 
       HD138905   2454096.38393        70.29090         4.07464             nan             nan             nan             nan             nan             nan          HIDESS 
       HD138905   2454122.36916        64.77571         3.82557             nan             nan             nan             nan             nan             nan          HIDESS 
       HD138905   2454127.36450        58.93463         4.46045             nan             nan             nan             nan             nan             nan          HIDESS 
       HD138905   2454143.29435        27.08613         3.52639             nan             nan             nan             nan             nan             nan          HIDESS 
       HD138905   2454153.32060        39.47207         4.51366             nan             nan             nan             nan             nan             nan          HIDESS 
       HD138905   2454167.33840        16.34221         4.48173             nan             nan             nan             nan             nan             nan          HIDESS 
       HD138905   2454195.21079        21.43637         4.29840             nan             nan             nan             nan             nan             nan          HIDESS 
       HD138905   2454216.18434        72.53533         3.99364             nan             nan             nan             nan             nan             nan          HIDESS 
       HD138905   2454254.10549        96.04049         4.67763             nan             nan             nan             nan             nan             nan          HIDESS 
       HD138905   2454305.00724        86.47954         3.78335             nan             nan             nan             nan             nan             nan          HIDESS 
       HD138905   2454337.97912        77.57983         4.69938             nan             nan             nan             nan             nan             nan          HIDESS 
       HD138905   2454492.38685        -1.25015         5.76891         9.43739       175.76570         6.61349         0.01343         0.00761         1.00000          HIDESS 
       HD138905   2454525.29613       -42.55461         4.35171         9.40398       148.90262         8.62578         0.12765         0.03887         1.00000          HIDESS 
       HD138905   2454554.19179       -72.04184         5.42288         9.43000       159.00396        11.85581         0.14189         0.04914         1.00000          HIDESS 
       HD138905   2454560.19347       -75.02718         4.91793         9.44428       138.26333        11.90129         0.18842         0.09431         1.00000          HIDESS 
       HD138905   2454587.17787       -85.86979         4.37918         9.33462       183.11243         5.71506         0.15514         0.02904         1.00000          HIDESS 
       HD138905   2454623.05036       -84.71500         4.54695         9.34994       160.84313         6.96477         0.15394         0.03700         1.00000          HIDESS 
       HD138905   2454671.99859       -81.00919         3.92668         9.32762       225.64362         6.04167         0.08831         0.02530         1.00000          HIDESS 
       HD138905   2454702.94708       -78.64538         4.59804         9.41004       229.15541        14.40999         0.13109         0.05099         1.00000          HIDESS 
       HD138905   2454855.38688        17.43014         3.74180         9.35629       157.48848         5.01795         0.14568         0.01997         1.00000          HIDESS 
       HD138905   2454927.33910        42.27977         4.10781         9.27594       228.89489        11.08639         0.27952         0.13701         1.00000          HIDESS 
       HD138905   2454928.23873        25.61637         3.41092         9.30772       192.85200         3.89058         0.16001         0.01405         1.00000          HIDESS 
       HD138905   2454931.18291        17.13859         3.40134         9.29255       148.05764         5.06067         0.15242         0.02574         1.00000          HIDESS 
       HD138905   2455050.96762        26.09848         4.48714         9.28534       227.49368        11.20256         0.10424         0.04179         1.00000          HIDESS 
       HD138905   2455074.92403        31.17783         3.52886         9.31928       194.24473         5.25424         0.11102         0.01886         1.00000          HIDESS 
       HD138905   2455204.38348        78.99488         3.45930         9.33998       175.92028         5.13935         0.12985         0.02637         1.00000          HIDESS 
       HD138905   2455234.32014        58.10689         3.63116         9.30083       160.00566         5.75419         0.10537         0.03584         1.00000          HIDESS 
       HD138905   2455267.29970        73.44560         3.40752         9.28024       181.43257         4.97797         0.14205         0.01895         1.00000          HIDESS 
       HD138905   2455296.24853        33.17381         3.47116         9.28122       205.02026         4.78405         0.14622         0.01612         1.00000          HIDESS 
       HD138905   2455324.18465        12.73456         3.86759         9.29286       202.97904         6.33440         0.15320         0.02167         1.00000          HIDESS 
       HD138905   2455347.04517       -27.79757         4.44694         9.30624       162.13717         6.31197         0.10714         0.02595         1.00000          HIDESS 
       HD138905   2455398.03707       -27.60365         4.28628         9.27760       223.56001        10.24966         0.11880         0.10643         1.00000          HIDESS 
       HD138905   2455436.93623       -32.60977         4.07679         9.33032       205.66719         5.61140         0.18300         0.03723         1.00000          HIDESS 
       HD138905   2455582.38776       -66.07361         3.86735         9.33737       167.67982         6.00584         0.13150         0.02347         1.00000          HIDESS 
       HD138905   2455612.32336       -61.71054         3.85587         9.22915       146.92384         5.01747         0.09042         0.02936         1.00000          HIDESS 
       HD138905   2455636.32797       -41.65746         3.79797         9.28973       188.02651         6.49640         0.10831         0.02003         1.00000          HIDESS 
       HD138905   2455656.23968       -26.52457         3.57544         9.29067       173.29110         5.22754         0.14294         0.02251         1.00000          HIDESS 
       HD138905   2455690.18216       -39.11914         4.28978         9.33964       184.28931         6.97854         0.10713         0.03001         1.00000          HIDESS 
       HD138905   2455717.08201       -36.47321         7.08346         9.30085       184.18863        27.84898         0.11870         0.12478         1.00000          HIDESS 
       HD138905   2455757.02729       -51.66639         3.99271         9.22434       239.20383         6.17948         0.14261         0.04084         1.00000          HIDESS 
       HD138905   2455758.03338       -32.66340         4.97974         9.30742       183.08973         8.85585         0.11166         0.03356         1.00000          HIDESS 
       HD138905   2455758.99053       -37.13847         3.77545         9.20747       232.58512         4.42566         0.14162         0.01717         1.00000          HIDESS 
       HD138905   2455763.00672       -40.67845         4.20550         9.29721       193.86111         5.03613         0.13675         0.01743         1.00000          HIDESS 
       HD138905   2455765.95828       -40.10656         3.88024         9.24189       202.86838         5.91011         0.14795         0.02885         1.00000          HIDESS 
       HD138905   2455768.96491       -46.77976         3.96555         9.25817       212.50581         5.85502         0.14108         0.01999         1.00000          HIDESS 
       HD138905   2455769.96321       -42.48146         4.23882         9.27324       192.72554         4.79208         0.14423         0.01532         1.00000          HIDESS 
       HD138905   2455784.99872       -36.86367         5.47923         9.31975       189.28758        12.57526         0.30527         0.19182         1.00000          HIDESS 
       HD138905   2455785.99312       -44.46370         5.07738         9.30854       225.53174        14.66525         0.23578         0.17633         1.00000          HIDESS 
       HD138905   2455788.96264       -41.56537         5.52609         9.35926       207.31311        10.64006         0.06270         0.07523         1.00000          HIDESS 
       HD138905   2455809.93213       -30.74954         3.91824         9.31335       170.04699         6.89865         0.11592         0.03487         1.00000          HIDESS 
       HD138905   2455810.92373       -28.13598         3.87225         9.30333       206.08714         8.68212         0.08597         0.05693         1.00000          HIDESS 
       HD138905   2455938.38543        39.56762         4.59320         9.25815       152.67124         9.76734         0.06983         0.04609         1.00000          HIDESS 
       HD138905   2455940.39964        26.43866         4.07797         9.27225       143.51130         6.63620         0.11036         0.04204         1.00000          HIDESS 
       HD138905   2455974.35688        46.43580         3.72767         9.31049       177.92302         5.44795         0.16577         0.02359         1.00000          HIDESS 
       HD138905   2456032.21771        69.24648         4.08846         9.28411       182.00969         6.21155         0.11969         0.02227         1.00000          HIDESS 
       HD138905   2456059.14718        92.18749         3.64260         9.31304       196.91640         5.27752         0.12744         0.01563         1.00000          HIDESS 
       HD138905   2456082.03547        67.13735         4.36189         9.21354       142.30792         6.64590         0.14306         0.05142         1.00000          HIDESS 
       HD138905   2456155.94903        29.28244         3.50148         9.22654       221.28490         7.13837         0.14053         0.06206         1.00000          HIDESS 
       HD138905   2456299.39205         9.84658         3.89852         9.27828       145.35907         7.76720         0.13948         0.04452         1.00000          HIDESS 
       HD138905   2456414.22129        -3.62454         4.36902         9.28277       193.30814         7.75980         0.10710         0.02645         1.00000          HIDESS 
       HD138905   2456447.14931         0.21091         3.78685         9.27134       209.09071         9.45176         0.18214         0.09602         1.00000          HIDESS 
       HD138905   2456520.98232       -24.19542         4.07709         9.66797       133.95296         7.51947             nan             nan             nan         HIDESF1 
       HD138905   2456552.92691       -51.70844         3.10396         9.66965       140.44529         6.42777             nan             nan             nan         HIDESF1 
       HD138905   2456664.37413       -73.49844         3.09885         9.68727       153.67976         8.66693             nan             nan             nan         HIDESF1 
       HD138905   2456673.36904       -90.70154         2.69007         9.69718       141.53607         6.25502             nan             nan             nan         HIDESF1 
       HD138905   2456679.35075       -60.46447         3.87393         9.69426       163.66852        11.09727             nan             nan             nan         HIDESF1 
       HD138905   2456680.39058       -74.68520         2.35985         9.72105       148.01304         4.46179             nan             nan             nan         HIDESF1 
       HD138905   2456681.40178       -62.14204         2.76751         9.69948       142.29665         5.82154             nan             nan             nan         HIDESF1 
       HD138905   2456697.33605       -55.52323         3.18306         9.70582       169.74816         7.98539             nan             nan             nan         HIDESF1 
       HD138905   2456714.30815       -70.10958         2.90430         9.65553       136.66357         8.08977             nan             nan             nan         HIDESF1 
       HD138905   2456727.30146       -57.93980         2.92129         9.66428       155.94321         8.54478             nan             nan             nan         HIDESF1 
       HD138905   2456731.26284       -39.18771         3.13472         9.64969       139.88000        10.35397             nan             nan             nan         HIDESF1 
       HD138905   2456752.19195       -47.95010         5.09756         9.27725       154.55365         9.69124         0.16085         0.09694         1.00000          HIDESS 
       HD138905   2456754.30630       -38.39617         3.83392         9.30390       189.37942         9.37322         0.09297         0.04660         1.00000          HIDESS 
       HD138905   2456755.17577       -25.99140         3.00850         9.65385       153.81882         6.48581             nan             nan             nan         HIDESF1 
       HD138905   2456761.28571        -1.59165         3.07040         9.63645       158.47161         8.01855             nan             nan             nan         HIDESF1 
       HD138905   2456767.17179       -14.70513         3.27021         9.65932       158.84740         6.71539             nan             nan             nan         HIDESF1 
       HD138905   2456781.14444        18.80925         2.67491         9.68950       163.18255         7.20148             nan             nan             nan         HIDESF1 
       HD138905   2456786.15740         6.18380         3.43525         9.65227       140.62299         8.40714             nan             nan             nan         HIDESF1 
       HD138905   2456787.20191         7.90746         3.17825         9.63770       156.40420         8.47508             nan             nan             nan         HIDESF1 
       HD138905   2456799.22824       -11.28616         5.46538         9.25527       190.87193        20.17020         0.18187         0.09152         1.00000          HIDESS 
       HD138905   2456800.19271        18.98838         4.08997         9.28893       170.17337        10.29270         0.06047         0.02517         1.00000          HIDESS 
       HD138905   2456815.99739        14.36459         4.36929         9.32296       174.80909         9.08855         0.14448         0.06687         1.00000          HIDESS 
       HD138905   2456856.07945        52.74911         3.73058         9.69181       166.38274         7.42154             nan             nan             nan         HIDESF1 
       HD138905   2456862.95736        29.94990         4.25351         9.66501       150.05465         5.22752             nan             nan             nan         HIDESF1 
       HD138905   2456863.96952        39.55493         3.96484         9.66267       142.35726         6.44235             nan             nan             nan         HIDESF1 
       HD138905   2456890.94974        61.22806         4.16971         9.25426       229.82635         7.32939         0.15094         0.05973         1.00000          HIDESS 
       HD138905   2457051.36882        49.31241         4.44701         9.26432       154.36682         6.76919         0.10547         0.03421         1.00000          HIDESS 
       HD138905   2457055.38797        78.32611         2.64954         9.67136       135.17597         7.17347             nan             nan             nan         HIDESF1 
       HD138905   2457067.28771        55.94981         2.88846         9.62535       148.27095         6.24578             nan             nan             nan         HIDESF1 
       HD138905   2457091.28601        72.69408         3.48327         9.63156       123.11599         9.58024             nan             nan             nan         HIDESF1 
       HD138905   2457092.32918        69.85500         2.97552         9.64314       158.83490         8.77456             nan             nan             nan         HIDESF1 
       HD138905   2457107.34063        71.62669         2.78913         9.67226       140.51844         5.75995             nan             nan             nan         HIDESF1 
       HD138905   2457128.23247        79.91169         4.04226         9.66385       141.09175        10.92048             nan             nan             nan         HIDESF1 
       HD138905   2457134.20758        57.49445         3.54278         9.30495       178.02026         5.33463         0.15018         0.01963         1.00000          HIDESS 
       HD138905   2457140.18175       111.35824         3.08629         9.70186       144.09531         5.89186             nan             nan             nan         HIDESF1 
       HD138905   2457169.12836        94.14391         3.14981         9.69629       140.18345         6.57130             nan             nan             nan         HIDESF1 
       HD138905   2457172.12057        76.48105         3.35658         9.69498       132.57748         5.39344             nan             nan             nan         HIDESF1 
       HD138905   2457174.14472        99.08862         2.99354         9.68847       147.05672         6.51998             nan             nan             nan         HIDESF1 
       HD138905   2457234.04335        60.07371         4.31731         9.28975       215.82316         6.70449         0.20654         0.17468         1.00000          HIDESS 
       HD138905   2457236.00312        71.57829         3.14515         9.68689       146.34486         4.52115             nan             nan             nan         HIDESF1 
       HD138905   2457261.94795        55.83596         4.01540         9.68023       158.73990         6.04392             nan             nan             nan         HIDESF1 
       HD138905   2457389.38491        -3.73453         3.05137         9.61034       167.33297         7.60941             nan             nan             nan         HIDESF1 
       HD138905   2457391.38301       -19.28636         2.72425         9.67128       156.82120         5.99463             nan             nan             nan         HIDESF1 
       HD138905   2457403.37622        -0.34099         3.12510         9.67534       147.33919         7.49653             nan             nan             nan         HIDESF1 
       HD138905   2457426.33016       -59.21915         2.70097         9.61634       130.16743         5.93980             nan             nan             nan         HIDESF1 
       HD138905   2457475.31573       -57.36639         2.90296         9.64444       132.54751         7.03781             nan             nan             nan         HIDESF1 
       HD138905   2457476.25786       -47.05731         2.83021         9.63175       129.58551         5.45301             nan             nan             nan         HIDESF1 
       HD138905   2457504.13001       -76.20765         2.70631         9.65627       146.69292         4.33774             nan             nan             nan         HIDESF1 
       HD138905   2457508.22977       -78.61029         2.64931         9.65279       145.44317         6.03783             nan             nan             nan         HIDESF1 
       HD138905   2457510.24229       -60.53447         2.85154         9.65287       136.70530         5.90300             nan             nan             nan         HIDESF1 
       HD138905   2457521.15143       -86.11536         3.11352         9.63800       134.23135         5.61494             nan             nan             nan         HIDESF1 
       HD138905   2457542.17125       -86.15738         3.11180         9.64834       136.63496         6.44780             nan             nan             nan         HIDESF1 
       HD138905   2457592.02302       -79.58231         3.02676         9.67975       136.06996         4.93487             nan             nan             nan         HIDESF1 
       HD138905   2457792.36893        23.86177         3.02401         9.62965       167.59423         7.27517             nan             nan             nan         HIDESF1 
       HD138905   2457866.27733        46.37570         3.25555         9.59813       155.53718         7.13277             nan             nan             nan         HIDESF1 
       HD138905   2457895.10795        42.41304         2.85778         9.64751       141.89711         4.32876             nan             nan             nan         HIDESF1 
       HD138905   2457907.19306        36.78435         3.22320         9.65099       151.38447         6.63674             nan             nan             nan         HIDESF1 
       HD138905   2457909.09614        33.84805         4.35089         9.62569       128.86731        10.77913             nan             nan             nan         HIDESF1 
       HD138905   2457950.00215        51.99697         3.95674         9.69593       152.65803         9.94227             nan             nan             nan         HIDESF1 
       HD138905   2457989.94642        88.50416         3.97005         9.71542       154.69973         6.56498             nan             nan             nan         HIDESF1 
       HD138905   2458526.38618       -86.85965         4.10511        10.00863       154.39898        10.11435             nan             nan             nan         HIDESF2 
       HD138905   2458580.32664       -79.89255         3.95547        10.01008       120.99366        11.44476             nan             nan             nan         HIDESF2 
       HD138905   2458610.25317      -122.83159         5.55255        10.02375       137.55901        10.27678             nan             nan             nan         HIDESF2 
       HD138905   2458900.27265        -2.98730         3.85817         9.73470       113.71855         7.12194             nan             nan             nan         HIDESF2 
       HD138905   2458917.36548         9.80176         3.58814         9.72839       119.90866        10.06174             nan             nan             nan         HIDESF2 
       HD138905   2458927.26886        22.00993         3.75779         9.72650       114.53952         6.71242             nan             nan             nan         HIDESF2 
       HD138905   2458929.25571        32.96020         4.58631         9.74532       106.25003        11.29592             nan             nan             nan         HIDESF2 
       HD138905   2458942.25072        31.28372         3.69425         9.73109       100.95253        10.22402             nan             nan             nan         HIDESF2 
       HD138905   2458943.28341        39.30304         9.30383         9.78107       135.12123        20.37221             nan             nan             nan         HIDESF2 
       HD138905   2458945.27628        33.52847         3.20123         9.71922        91.31958         5.48722             nan             nan             nan         HIDESF2 
       HD138905   2458946.19295        27.16381         6.48098         9.78143       104.18391        13.99322             nan             nan             nan         HIDESF2 
       HD138905   2458947.15034        28.77062         5.40765         9.74853       149.49089        17.29623             nan             nan             nan         HIDESF2 
       HD138905   2458948.24006        43.64025         4.14176         9.75445       106.69380         7.63119             nan             nan             nan         HIDESF2 
       HD138905   2458956.11809        38.07281         7.90763         9.76154       118.45431        19.94336             nan             nan             nan         HIDESF2 
       HD138905   2458960.14902        53.50754         7.68997             nan             nan             nan             nan             nan             nan         HIDESF2 
       HD138905   2458991.21155        27.49288         4.77806         9.74019        88.82254         6.75453             nan             nan             nan         HIDESF2 
       HD138905   2459234.39817       -28.48195         4.86937         9.78087        92.64381         8.73732             nan             nan             nan         HIDESF2 
       HD138905   2459250.38419       -15.86564         3.76582         9.72356       103.94433         8.21888             nan             nan             nan         HIDESF2 
       HD138905   2459267.37526       -48.30495         5.98240         9.78233       129.75966        13.42271             nan             nan             nan         HIDESF2 
