       HD136512   2452350.23743        53.59978         6.39891             nan             nan             nan             nan             nan             nan          HIDESS 
       HD136512   2452487.03894       -21.96120         4.30920             nan             nan             nan             nan             nan             nan          HIDESS 
       HD136512   2452507.02108       -12.37499         3.71597             nan             nan             nan             nan             nan             nan          HIDESS 
       HD136512   2452538.95718        33.31065         8.33104             nan             nan             nan             nan             nan             nan          HIDESS 
       HD136512   2452541.92323        33.80230         3.61737             nan             nan             nan             nan             nan             nan          HIDESS 
       HD136512   2452736.22948        35.56376         5.72995             nan             nan             nan             nan             nan             nan          HIDESS 
       HD136512   2452756.23403        22.31455         8.11655             nan             nan             nan             nan             nan             nan          HIDESS 
       HD136512   2452858.04982       -10.64384         3.58026             nan             nan             nan             nan             nan             nan          HIDESS 
       HD136512   2452991.38064       -38.83073         4.63520             nan             nan             nan             nan             nan             nan          HIDESS 
       HD136512   2453002.31575       -48.68879         4.38115             nan             nan             nan             nan             nan             nan          HIDESS 
       HD136512   2453009.35364       -33.15321         4.17998             nan             nan             nan             nan             nan             nan          HIDESS 
       HD136512   2453024.23760       -45.09230         9.69655             nan             nan             nan             nan             nan             nan          HIDESS 
       HD136512   2453024.30951       -39.52341         3.90013             nan             nan             nan             nan             nan             nan          HIDESS 
       HD136512   2453030.33810       -11.21702         4.30216             nan             nan             nan             nan             nan             nan          HIDESS 
       HD136512   2453052.21460         9.27910         4.07864             nan             nan             nan             nan             nan             nan          HIDESS 
       HD136512   2453077.21406        12.43460         3.88733             nan             nan             nan             nan             nan             nan          HIDESS 
       HD136512   2453080.24671         5.37420         4.37492             nan             nan             nan             nan             nan             nan          HIDESS 
       HD136512   2453100.14856        27.60762         3.75641             nan             nan             nan             nan             nan             nan          HIDESS 
       HD136512   2453106.14239        22.41896         7.55520             nan             nan             nan             nan             nan             nan          HIDESS 
       HD136512   2453113.09791         1.81341         4.31467             nan             nan             nan             nan             nan             nan          HIDESS 
       HD136512   2453123.13643        23.26147         6.32641             nan             nan             nan             nan             nan             nan          HIDESS 
       HD136512   2453123.16256        33.91873         4.19254             nan             nan             nan             nan             nan             nan          HIDESS 
       HD136512   2453131.12548        46.31553         3.52931             nan             nan             nan             nan             nan             nan          HIDESS 
       HD136512   2453154.08126        23.90767         4.14525             nan             nan             nan             nan             nan             nan          HIDESS 
       HD136512   2453201.02963        -7.86440         3.37832             nan             nan             nan             nan             nan             nan          HIDESS 
       HD136512   2453213.05399        -0.84025         8.30003             nan             nan             nan             nan             nan             nan          HIDESS 
       HD136512   2453213.06822       -11.89206         8.97244             nan             nan             nan             nan             nan             nan          HIDESS 
       HD136512   2453215.05973       -16.82852         3.76896             nan             nan             nan             nan             nan             nan          HIDESS 
       HD136512   2453231.05735       -16.40689         3.91684             nan             nan             nan             nan             nan             nan          HIDESS 
       HD136512   2453245.98659       -10.10822         3.36311             nan             nan             nan             nan             nan             nan          HIDESS 
       HD136512   2453248.99349        -6.14457         4.91438             nan             nan             nan             nan             nan             nan          HIDESS 
       HD136512   2453289.89430        44.35777         3.84644             nan             nan             nan             nan             nan             nan          HIDESS 
       HD136512   2453306.87457        66.77315         3.35539             nan             nan             nan             nan             nan             nan          HIDESS 
       HD136512   2453310.88247        48.56057         7.48807             nan             nan             nan             nan             nan             nan          HIDESS 
       HD136512   2453332.36432         1.60114         4.79337             nan             nan             nan             nan             nan             nan          HIDESS 
       HD136512   2453335.35213         0.09824         5.01462             nan             nan             nan             nan             nan             nan          HIDESS 
       HD136512   2453339.37272         0.19734         3.98065             nan             nan             nan             nan             nan             nan          HIDESS 
       HD136512   2453365.33245       -41.41456         3.86616             nan             nan             nan             nan             nan             nan          HIDESS 
       HD136512   2453366.32973       -25.01693         4.25930             nan             nan             nan             nan             nan             nan          HIDESS 
       HD136512   2453403.28266        -1.67153         3.79463             nan             nan             nan             nan             nan             nan          HIDESS 
       HD136512   2453424.19908       -25.17380         4.93701             nan             nan             nan             nan             nan             nan          HIDESS 
       HD136512   2453447.28097        -5.49496         4.81223             nan             nan             nan             nan             nan             nan          HIDESS 
       HD136512   2453468.14366         3.82024         5.78773             nan             nan             nan             nan             nan             nan          HIDESS 
       HD136512   2453495.13262        18.30349         4.54636             nan             nan             nan             nan             nan             nan          HIDESS 
       HD136512   2453525.03722        -5.29108        11.83821             nan             nan             nan             nan             nan             nan          HIDESS 
       HD136512   2453580.01342       -20.52498         4.92841             nan             nan             nan             nan             nan             nan          HIDESS 
       HD136512   2453655.89482        18.28453         3.37827             nan             nan             nan             nan             nan             nan          HIDESS 
       HD136512   2453744.34436       -46.40638         3.42888             nan             nan             nan             nan             nan             nan          HIDESS 
       HD136512   2453775.29404       -27.81078         3.69636             nan             nan             nan             nan             nan             nan          HIDESS 
       HD136512   2453814.26187         5.22263         3.48826             nan             nan             nan             nan             nan             nan          HIDESS 
       HD136512   2453854.15251        10.12776         6.44498             nan             nan             nan             nan             nan             nan          HIDESS 
       HD136512   2453889.14291        21.24802         5.42829             nan             nan             nan             nan             nan             nan          HIDESS 
       HD136512   2453962.08343       -37.27074         4.42358             nan             nan             nan             nan             nan             nan          HIDESS 
       HD136512   2454018.90992       -11.67389         5.70637             nan             nan             nan             nan             nan             nan          HIDESS 
       HD136512   2454089.34742         7.54182         3.61539             nan             nan             nan             nan             nan             nan          HIDESS 
       HD136512   2454127.30576       -52.04161         4.25713             nan             nan             nan             nan             nan             nan          HIDESS 
       HD136512   2454146.27946       -50.72660         5.28962             nan             nan             nan             nan             nan             nan          HIDESS 
       HD136512   2454169.13835       -43.70605         4.40934             nan             nan             nan             nan             nan             nan          HIDESS 
       HD136512   2454195.25089         1.06253         3.65907             nan             nan             nan             nan             nan             nan          HIDESS 
       HD136512   2454216.19407        42.19964         3.28929             nan             nan             nan             nan             nan             nan          HIDESS 
       HD136512   2454253.06656         5.98288         6.10812             nan             nan             nan             nan             nan             nan          HIDESS 
       HD136512   2454305.03437       -50.19071         3.48866             nan             nan             nan             nan             nan             nan          HIDESS 
       HD136512   2454337.99586       -15.84430         3.87341             nan             nan             nan             nan             nan             nan          HIDESS 
       HD136512   2454378.91618       -16.58204         4.19589             nan             nan             nan             nan             nan             nan          HIDESS 
       HD136512   2454458.35750        14.63497         4.01595         9.68672       164.76663         8.39845         0.13378         0.03345         1.00000          HIDESS 
       HD136512   2454492.34414         3.39257         4.66229         9.69384       175.59687        10.55560         0.13639         0.02910         1.00000          HIDESS 
       HD136512   2454524.27514       -30.74018         3.43228         9.71973       165.32038         6.14029         0.14264         0.01732         1.00000          HIDESS 
       HD136512   2454554.22201        11.44618         4.12161         9.72618       173.81514         6.80571         0.14138         0.02132         1.00000          HIDESS 
       HD136512   2454587.19770        37.84460         4.10401         9.63792       209.18637        10.35196         0.14846         0.03041         1.00000          HIDESS 
       HD136512   2454623.01818        55.74439         3.42701         9.61421       189.71273         5.69043         0.13813         0.01945         1.00000          HIDESS 
       HD136512   2454672.00944        -2.63529         3.60097         9.72520       215.77631         7.06353         0.13724         0.01715         1.00000          HIDESS 
       HD136512   2454702.95665       -17.78569         3.67174         9.68696       202.05101         8.27002         0.13010         0.02116         1.00000          HIDESS 
       HD136512   2454757.88997        -0.56123         4.01883         9.65771       167.66897         6.75762         0.13901         0.03924         1.00000          HIDESS 
       HD136512   2454818.34002        11.55895         5.24087         9.63884       182.28146        13.86495         0.22905         0.08864         1.00000          HIDESS 
       HD136512   2454864.31336       -23.94584         3.53997         9.63374       188.62709         6.37384         0.13524         0.01972         1.00000          HIDESS 
       HD136512   2454928.13699       -17.50975         3.39485         9.58864       149.27610         5.70935         0.13857         0.02019         1.00000          HIDESS 
       HD136512   2454953.10340        53.04175         3.66398         9.63382       168.37064         5.87767         0.10349         0.01691         1.00000          HIDESS 
       HD136512   2455182.37520        49.68979         3.39549         9.63135       177.67772         6.20937         0.05092         0.01199         1.00000          HIDESS 
       HD136512   2455270.27592       -43.22882         5.15678         9.56752       159.32595        12.33453         0.05173         0.03171         1.00000          HIDESS 
       HD136512   2455329.27754        -3.43793         3.67545         9.68168       189.57189         5.87620         0.13797         0.01644         1.00000          HIDESS 
       HD136512   2455400.05124         0.86273         3.73396         9.59005       190.69442         5.98600         0.13372         0.01633         1.00000          HIDESS 
       HD136512   2455439.96770        -3.05067         3.57413         9.58067       205.07706         5.45739         0.14069         0.01634         1.00000          HIDESS 
       HD136512   2455626.27362       -57.31965         3.60950         9.58087       180.43729         7.24659         0.13517         0.02006         1.00000          HIDESS 
       HD136512   2455657.24982       -20.58853         3.79881         9.60982       166.44060         5.62756         0.12185         0.02130         1.00000          HIDESS 
       HD136512   2455669.10900        -7.28819         3.71503         9.97446       132.24846         6.54509             nan             nan             nan         HIDESF1 
       HD136512   2455671.23024       -31.31275         3.61586         9.89259       157.42584         7.01600             nan             nan             nan         HIDESF1 
       HD136512   2455672.09020       -17.50331         3.37106         9.89891       155.54544         7.18005             nan             nan             nan         HIDESF1 
       HD136512   2455695.13533        17.59605         3.02197         9.94160       150.70485         6.68817             nan             nan             nan         HIDESF1 
       HD136512   2455695.25969         9.91578         2.75977         9.94075       143.81632         5.48345             nan             nan             nan         HIDESF1 
       HD136512   2455696.07931        -5.49090         3.02758         9.92052       147.64562         5.28846             nan             nan             nan         HIDESF1 
       HD136512   2455696.11931        -3.31406         3.00536         9.95190       164.31114         6.08411             nan             nan             nan         HIDESF1 
       HD136512   2455697.06895        25.32296         4.12833         9.88592       144.76631        10.19918             nan             nan             nan         HIDESF1 
       HD136512   2455698.19694        21.64136         3.31953         9.93435       168.88531         9.83497             nan             nan             nan         HIDESF1 
       HD136512   2455700.10174        20.04869         2.61488         9.95388       152.16544         5.93588             nan             nan             nan         HIDESF1 
       HD136512   2455701.03527        40.58123         2.74754         9.94762       159.42461         6.41968             nan             nan             nan         HIDESF1 
       HD136512   2455701.14319         6.64806         2.92003         9.94817       167.11263         7.76118             nan             nan             nan         HIDESF1 
       HD136512   2455717.11908        21.21249         4.16553         9.63608       209.17655         7.95058         0.11213         0.02500         1.00000          HIDESS 
       HD136512   2455785.95875         6.91390         6.22401         9.55998       198.56683        13.34712         0.14849         0.04469         1.00000          HIDESS 
       HD136512   2455786.00244        19.44420         3.61883         9.62859       212.25254         7.73645         0.14119         0.02009         1.00000          HIDESS 
       HD136512   2455797.93546       -37.62609         3.29553         9.88502       158.62327         5.74246             nan             nan             nan         HIDESF1 
       HD136512   2455853.91084       -10.38734         4.28942         9.58642       150.00955         9.18109         0.19701         0.09670         1.00000          HIDESS 
       HD136512   2455923.38699        52.24073         3.87762         9.59618       195.00121         9.81609         0.09035         0.02713         1.00000          HIDESS 
       HD136512   2456141.99079        21.21056         3.53773         9.58695       203.56854         5.53010         0.14724         0.01594         1.00000          HIDESS 
       HD136512   2456579.90626       -44.02703         4.58265         9.62130       171.58912         8.33549         0.13909         0.05616         1.00000          HIDESS 
       HD136512   2456735.22473       -23.20860         7.25333        10.07998       130.60781        11.08194             nan             nan             nan         HIDESF1 
       HD136512   2456737.34390        -9.75125         3.46691         9.94349       159.83498         7.67354             nan             nan             nan         HIDESF1 
       HD136512   2457047.32554        33.68827         5.55593         9.60644       206.62107        15.63413         0.13380         0.04109         1.00000          HIDESS 
       HD136512   2457108.26954       -52.04358         2.96182         9.93873       154.31530         7.13550             nan             nan             nan         HIDESF1 
       HD136512   2457135.18667        -5.52487         3.59359         9.66078       170.97755         5.22950         0.14274         0.01486         1.00000          HIDESS 
       HD136512   2457140.28902       -14.64737         5.72306        10.05041       169.93195        12.63852             nan             nan             nan         HIDESF1 
       HD136512   2457169.24299         6.13690         3.08816         9.96047       138.25962         7.07673             nan             nan             nan         HIDESF1 
       HD136512   2457174.15361        16.96545         3.13191         9.97550       155.93863         8.05093             nan             nan             nan         HIDESF1 
       HD136512   2457235.01181        31.01316         3.12585         9.98165       179.75507         6.68635             nan             nan             nan         HIDESF1 
       HD136512   2457237.11204        34.14749         4.02065         9.94866       165.89547         9.22868             nan             nan             nan         HIDESF1 
       HD136512   2457390.37672        19.55025         3.39810         9.96394       155.77834         6.49503             nan             nan             nan         HIDESF1 
       HD136512   2457426.36364        50.59476         3.01244         9.92853       166.34536         6.68339             nan             nan             nan         HIDESF1 
       HD136512   2457455.25915        -6.92210         3.28879         9.91854       177.94578         6.97408             nan             nan             nan         HIDESF1 
       HD136512   2457507.29688       -59.40485         3.51375         9.94090       143.69603         7.12583             nan             nan             nan         HIDESF1 
       HD136512   2457510.22049       -43.71622         2.98640         9.92400       153.34051         5.67338             nan             nan             nan         HIDESF1 
       HD136512   2457542.24509        -6.38122         3.37880         9.93191       122.03578         6.66863             nan             nan             nan         HIDESF1 
       HD136512   2457592.04391        51.92120         3.86349         9.93840       144.86090         8.57213             nan             nan             nan         HIDESF1 
       HD136512   2457795.34716        38.08102         3.03618         9.95975       161.28942         6.67170             nan             nan             nan         HIDESF1 
       HD136512   2457866.32799       -23.46764         3.29401         9.92480       178.89026         7.56717             nan             nan             nan         HIDESF1 
       HD136512   2457895.13510       -40.42260         2.82392         9.94989       153.75693         7.24244             nan             nan             nan         HIDESF1 
       HD136512   2457907.18552       -10.90637         3.36415         9.95759       151.39121         7.29398             nan             nan             nan         HIDESF1 
       HD136512   2457909.10188       -36.90954         3.76455         9.95541       162.91281         8.74137             nan             nan             nan         HIDESF1 
       HD136512   2457950.10549        12.84474         4.01622         9.97410       151.87803         9.42537             nan             nan             nan         HIDESF1 
       HD136512   2457986.99300        18.51826         5.83936        10.07340       207.11367        15.98003             nan             nan             nan         HIDESF1 
       HD136512   2458506.31267         9.13418         4.92871        10.32233       161.09095         8.76151             nan             nan             nan         HIDESF2 
       HD136512   2458592.18859       -30.97783         4.25822        10.27413       153.96666         6.78796             nan             nan             nan         HIDESF2 
       HD136512   2458616.20679       -19.71776         6.06048        10.31540       166.62304        15.92611             nan             nan             nan         HIDESF2 
       HD136512   2458681.11915        -1.11516         6.90322        10.25238       183.20249        14.29389             nan             nan             nan         HIDESF2 
       HD136512   2458830.36930       -38.28589         4.37141        10.01812       118.96512        10.50593             nan             nan             nan         HIDESF2 
       HD136512   2458840.37565       -53.24898         4.30153        10.04033       120.96478         9.84802             nan             nan             nan         HIDESF2 
       HD136512   2458898.34656        19.11378         3.83325        10.04613       138.74147         7.63832             nan             nan             nan         HIDESF2 
       HD136512   2458900.24265        22.55929         3.85942        10.00343       149.43263        12.94289             nan             nan             nan         HIDESF2 
       HD136512   2458917.34385        18.12901         3.85436        10.02881       132.88559         9.42949             nan             nan             nan         HIDESF2 
       HD136512   2458927.26508        35.15854         3.87439        10.02883       152.91739         9.14873             nan             nan             nan         HIDESF2 
       HD136512   2458928.29928        25.35579         5.51918        10.02349       146.23024        14.60122             nan             nan             nan         HIDESF2 
       HD136512   2458929.18726         8.69919         4.53607         9.97795       122.66766         7.89067             nan             nan             nan         HIDESF2 
       HD136512   2458930.35430        13.54398         8.30335         9.93086       136.08259        24.21538             nan             nan             nan         HIDESF2 
       HD136512   2458942.24652        -0.60491         4.26146        10.03388       151.64574         9.14545             nan             nan             nan         HIDESF2 
       HD136512   2458943.27704       -10.38646         4.42272        10.03898       117.67411         9.60240             nan             nan             nan         HIDESF2 
       HD136512   2458945.19384        -9.22548         4.37082         9.96621       118.27950        10.10747             nan             nan             nan         HIDESF2 
       HD136512   2458946.18575        17.64140         5.24634        10.02384       119.28082         7.95334             nan             nan             nan         HIDESF2 
       HD136512   2458947.14582       -20.34490         4.55807        10.01057       158.77910        11.50644             nan             nan             nan         HIDESF2 
       HD136512   2458948.24307       -28.25604         3.99865        10.06612       128.59437         6.69574             nan             nan             nan         HIDESF2 
       HD136512   2458956.15136         1.59032         8.23050        10.06605       171.85203        26.60505             nan             nan             nan         HIDESF2 
       HD136512   2458965.12444        15.44754         4.86767         9.99700       101.77706         9.43283             nan             nan             nan         HIDESF2 
       HD136512   2458991.27356       -32.25050         4.43698        10.01965        89.61068         9.80712             nan             nan             nan         HIDESF2 
       HD136512   2459187.38402       -33.46606         4.00718        10.02353       109.87708         9.89033             nan             nan             nan         HIDESF2 
       HD136512   2459252.38250        24.76568         4.74086        10.06059       115.03462        11.44527             nan             nan             nan         HIDESF2 
       HD136512   2459274.30657        -2.73248         7.07100        10.06663       181.91542        24.86268             nan             nan             nan         HIDESF2 
       HD136512   2459277.30135        15.59226         7.76260        10.09633       143.06679        13.46330             nan             nan             nan         HIDESF2 
       HD136512   2459303.30831        36.26817         5.89236        10.08866       160.15355        16.66155             nan             nan             nan         HIDESF2 
       HD136512   2459304.34470        44.90498         5.90423        10.01417       112.71613        15.46349             nan             nan             nan         HIDESF2 
       HD136512   2459325.32885       -16.13871         5.03270         9.98034       118.30826        13.09400             nan             nan             nan         HIDESF2 
       HD136512   2459330.13041        -4.02603         6.32009        10.03089       118.56540        21.74992             nan             nan             nan         HIDESF2 
       HD136512   2459331.31695       -19.51255         7.48804        10.08636       125.95773        19.75782             nan             nan             nan         HIDESF2 
