        HD14067   2454364.95919        44.20000         4.80000             nan             nan             nan             nan             nan             nan             HDS 
        HD14067   2454470.71057        -5.20000         4.10000             nan             nan             nan             nan             nan             nan             HDS 
        HD14067   2454698.90329        46.00000         5.00000             nan             nan             nan             nan             nan             nan             HDS 
        HD14067   2454758.12264        33.70118         3.18404         9.42568       186.63220         5.08966         0.14891         0.01646         1.00000          HIDESS 
        HD14067   2454796.20735        51.31820         3.30323         9.46592       181.20224         5.19133         0.13252         0.02650         1.00000          HIDESS 
        HD14067   2454820.02068        41.79647         3.04508         9.37668       239.35893         6.33749         0.15595         0.01657         1.00000          HIDESS 
        HD14067   2455164.16741       104.26597         3.49093         9.44879       206.06245         6.96948         0.12952         0.02044         1.00000          HIDESS 
        HD14067   2455444.15323       106.13201         3.24547         9.29390       126.16848         5.04665         0.13022         0.05330         1.00000          HIDESS 
        HD14067   2455525.16927       113.61100         3.17439         9.49488       209.53052         5.64300         0.15249         0.01972         1.00000          HIDESS 
        HD14067   2455545.12116       106.18463         4.00000         9.45765       218.45980         9.67862         0.10806         0.02714         1.00000          HIDESS 
        HD14067   2455580.00419       100.17621         5.65506         9.32738       210.94060        21.17438         0.07826         0.03012         1.00000          HIDESS 
        HD14067   2455612.94831       116.66254         4.48949         9.39544       220.43097        10.70580         0.11584         0.03721         1.00000          HIDESS 
        HD14067   2455628.91061        87.92129         3.76386         9.42820       187.92711         8.94124         0.09908         0.02821         1.00000          HIDESS 
        HD14067   2455786.27575        -3.85045         3.50116         9.45773       185.70648         4.56261         0.14712         0.01367         1.00000          HIDESS 
        HD14067   2455811.19986       -15.08069         3.85412         9.36445       187.91792         7.30248         0.10073         0.01964         1.00000          HIDESS 
        HD14067   2455853.23665       -94.75685         5.12805         9.37507       206.26814        10.56081         0.08687         0.03198         1.00000          HIDESS 
        HD14067   2455854.23282       -88.92293         3.50855         9.42650       208.71801         6.94445         0.11727         0.01917         1.00000          HIDESS 
        HD14067   2455879.19007      -109.50435         3.76015         9.44939       229.98872        12.21700         0.09473         0.02531         1.00000          HIDESS 
        HD14067   2455922.01318       -81.24129         3.76216         9.43928       220.46505        10.07522         0.11784         0.02426         1.00000          HIDESS 
        HD14067   2455938.00378       -76.56364         3.77115         9.46148       200.56537         7.89528         0.12264         0.02474         1.00000          HIDESS 
        HD14067   2455976.91017       -78.99580         3.47774         9.42611       213.46722         7.07613         0.21201         0.02023         1.00000          HIDESS 
        HD14067   2456139.23283       -44.75464         4.45959         9.40442       163.11279         7.58786         0.09654         0.04697         1.00000          HIDESS 
        HD14067   2456157.28696       -37.33798         3.84015         9.38571       190.88944         6.53890         0.33983         0.02939         1.00000          HIDESS 
        HD14067   2456212.30222       -53.14209         3.80868         9.62128       169.27212         7.45280         0.10762         0.02252         1.00000          HIDESS 
        HD14067   2456232.12187       -38.10000         5.30000             nan             nan             nan             nan             nan             nan             HRS 
        HD14067   2456232.14519       -28.30000         5.10000             nan             nan             nan             nan             nan             nan             HRS 
        HD14067   2456235.20279       -63.74751         4.39093         9.57343       217.58155         7.54020         0.14783         0.02438         1.00000          HIDESS 
        HD14067   2456250.21597       -24.99463         3.56742         9.79417       211.89558         7.83964         0.07711         0.01493         1.00000          HIDESS 
        HD14067   2456284.06062       -45.71320         4.03014         9.47271       197.26459        11.05248         0.15120         0.03859         1.00000          HIDESS 
        HD14067   2456286.95712       -13.50000         8.10000             nan             nan             nan             nan             nan             nan             HRS 
        HD14067   2456286.98033       -16.90000         7.90000             nan             nan             nan             nan             nan             nan             HRS 
        HD14067   2456287.00443       -20.30000         7.40000             nan             nan             nan             nan             nan             nan             HRS 
        HD14067   2456287.02826       -23.60000         7.70000             nan             nan             nan             nan             nan             nan             HRS 
        HD14067   2456317.94737        10.10000         7.80000             nan             nan             nan             nan             nan             nan             HRS 
        HD14067   2456317.97085         3.40000         7.60000             nan             nan             nan             nan             nan             nan             HRS 
        HD14067   2456317.99404         2.80000         7.90000             nan             nan             nan             nan             nan             nan             HRS 
        HD14067   2456318.01725         4.80000         8.60000             nan             nan             nan             nan             nan             nan             HRS 
        HD14067   2456552.26516       -15.19613         4.08667         9.37429       183.24384         8.35268         0.08303         0.02071         1.00000          HIDESS 
        HD14067   2456581.19368         6.80000         8.30000             nan             nan             nan             nan             nan             nan             HRS 
        HD14067   2456581.21691        -3.70000         6.70000             nan             nan             nan             nan             nan             nan             HRS 
        HD14067   2456581.24010        -4.80000         8.00000             nan             nan             nan             nan             nan             nan             HRS 
        HD14067   2456581.26343       -10.90000         8.20000             nan             nan             nan             nan             nan             nan             HRS 
        HD14067   2456611.11998        14.20000         6.90000             nan             nan             nan             nan             nan             nan             HRS 
        HD14067   2456611.14317        21.90000         7.40000             nan             nan             nan             nan             nan             nan             HRS 
        HD14067   2456611.16635        34.20000         7.40000             nan             nan             nan             nan             nan             nan             HRS 
        HD14067   2456611.18953        39.90000         6.40000             nan             nan             nan             nan             nan             nan             HRS 
        HD14067   2456617.08012       -22.21397         3.68260         9.41613       206.14871         8.19170         0.13062         0.02356         1.00000          HIDESS 
        HD14067   2456646.04023         8.90000        12.10000             nan             nan             nan             nan             nan             nan             HRS 
        HD14067   2456646.06353        10.60000        11.60000             nan             nan             nan             nan             nan             nan             HRS 
        HD14067   2456646.08681         7.10000        13.30000             nan             nan             nan             nan             nan             nan             HRS 
        HD14067   2456646.10998         5.40000        12.50000             nan             nan             nan             nan             nan             nan             HRS 
        HD14067   2456666.88217         5.83572         4.55782         9.46808       197.28024        11.05862         0.13595         0.03640         1.00000          HIDESS 
        HD14067   2457017.01625       -11.62210         4.17827         9.76265       163.39514         6.02325             nan             nan             nan         HIDESF1 
        HD14067   2457053.94444       -18.69461         4.06738         9.72969       176.09211         6.78257             nan             nan             nan         HIDESF1 
        HD14067   2457235.27717       -10.76401         4.06074         9.78636       156.96702         6.68218             nan             nan             nan         HIDESF1 
        HD14067   2457284.31316       -16.44600         4.37229         9.78131       146.42687         5.19986             nan             nan             nan         HIDESF1 
        HD14067   2457304.12909         3.19949         4.96077         9.82340       147.58864         5.98083             nan             nan             nan         HIDESF1 
        HD14067   2457353.16233       -12.54157         4.35538         9.77982       175.90012         6.84028             nan             nan             nan         HIDESF1 
        HD14067   2457726.11006        -7.65842         4.09901         9.77388       182.66894         6.46977             nan             nan             nan         HIDESF1 
        HD14067   2457756.14374         8.31454         4.73117         9.87119       154.56291        11.41959             nan             nan             nan         HIDESF1 
        HD14067   2457764.08928        12.17164        10.21754             nan             nan             nan             nan             nan             nan         HIDESF1 
        HD14067   2457957.23241        16.97979         6.09120         9.93162       156.75981        10.99919             nan             nan             nan         HIDESF1 
        HD14067   2457987.27213        40.61149         5.01808         9.86383       173.62291         7.24785             nan             nan             nan         HIDESF1 
        HD14067   2458506.99553        41.85759         5.16697        10.02136       121.97912         8.88189             nan             nan             nan         HIDESF2 
        HD14067   2458793.24278       -26.66221         4.93921        10.10841       132.69318         6.28051             nan             nan             nan         HIDESF2 
        HD14067   2458827.20390       -37.19449         4.93019         9.94205       107.24471         6.82837             nan             nan             nan         HIDESF2 
        HD14067   2459101.11151        -4.93147         4.82050         9.87724       105.69764         6.78050             nan             nan             nan         HIDESF2 
        HD14067   2459166.24982        -4.34792         5.58222         9.85136       141.68629         8.51954             nan             nan             nan         HIDESF2 
        HD14067   2459191.15607        23.26837         4.66394         9.86205       129.56928         8.94974             nan             nan             nan         HIDESF2 
