       HD145457   2453843.85381       -31.60000         6.30000             nan             nan             nan             nan             nan             nan             HDS 
       HD145457   2453886.92255        68.10000         4.60000             nan             nan             nan             nan             nan             nan             HDS 
       HD145457   2453928.93021        27.90000         5.40000             nan             nan             nan             nan             nan             nan             HDS 
       HD145457   2454554.20513       -20.59040         4.57091        10.04988       165.54438         8.70516         0.16240         0.02774         1.00000          HIDESS 
       HD145457   2454590.14756        66.68956         4.42592        10.01847       203.12153         7.31028         0.15034         0.01852         1.00000          HIDESS 
       HD145457   2454624.13129        52.23130         4.44022         9.97420       219.50636        10.28704         0.28415         0.03810         1.00000          HIDESS 
       HD145457   2454641.13243         9.14287         4.53630        10.02455       201.63198         5.89621         0.12999         0.01488         1.00000          HIDESS 
       HD145457   2454675.02718       -51.37903         4.93671        10.13801       215.03506         7.43334         0.14505         0.01585         1.00000          HIDESS 
       HD145457   2454754.92040        36.82861         4.03429        10.02757       161.28426         6.76314         0.12996         0.02871         1.00000          HIDESS 
       HD145457   2454757.91250        46.07414         4.23632        10.01511       170.28883         9.92837         0.12191         0.03422         1.00000          HIDESS 
       HD145457   2454758.90463        36.94142         4.37355        10.00188       167.24853         7.16241         0.13771         0.02725         1.00000          HIDESS 
       HD145457   2454759.91072        54.74280         5.57481         9.92183       153.28976        10.08421         0.08281         0.05053         1.00000          HIDESS 
       HD145457   2454835.31592       -26.82256         5.43232         9.98544       134.48198        17.68700         0.30859         0.15455         1.00000          HIDESS 
       HD145457   2454852.31105       -57.68427         5.52529        10.01348       125.39702        14.54729         0.31681         0.12341         1.00000          HIDESS 
       HD145457   2454856.36976       -65.99471         4.32187        10.01959       149.88350         8.40948         0.11703         0.01873         1.00000          HIDESS 
       HD145457   2454864.35239       -45.59529         5.04141        10.07841       158.48833         8.46309         0.10751         0.02431         1.00000          HIDESS 
       HD145457   2454883.24628       -78.12932         5.22369         9.94515       177.48029        15.16731         0.25494         0.05930         1.00000          HIDESS 
       HD145457   2454924.09680        31.77613         5.58091         9.92797       130.21650        12.93263         0.31404         0.15268         1.00000          HIDESS 
       HD145457   2454931.14886        59.45477         4.99360         9.90520       149.58437         6.38173         0.07170         0.01520         1.00000          HIDESS 
       HD145457   2454949.14243        88.07860         4.83388         9.92785       180.75811         8.89781         0.13459         0.02469         1.00000          HIDESS 
       HD145457   2454954.17761        68.59322         4.92483         9.96477       166.03161         7.17469         0.12503         0.01803         1.00000          HIDESS 
       HD145457   2454983.01871        21.48279         4.65728        10.01162       161.79238         9.31331         0.11051         0.02515         1.00000          HIDESS 
       HD145457   2455074.98664       -61.55974         5.04938        10.02340       164.83607         6.39567         0.13743         0.02058         1.00000          HIDESS 
       HD145457   2455133.89232        62.73742         4.55471        10.02727       178.11611         8.87406         0.11883         0.03236         1.00000          HIDESS 
       HD145457   2455204.34501       -56.20271         4.91228        10.01051       163.11652         6.58778         0.14072         0.05909         1.00000          HIDESS 
       HD145457   2455233.30043       -74.24948         4.55710        10.02751       141.39517         8.13484         0.08785         0.01937         1.00000          HIDESS 
       HD145457   2455410.01535       -55.34945         4.77617         9.90883       205.45379         6.10569         0.15564         0.01952         1.00000          HIDESS 
       HD145457   2455441.94757         2.02175         5.37627         9.93991       202.50878         9.46202         0.13756         0.02668         1.00000          HIDESS 
       HD145457   2455588.37741       -45.43882         4.99633         9.96234       140.42276         7.57387         0.08534         0.02837         1.00000          HIDESS 
       HD145457   2456158.98985        34.94694         4.65485         9.91691       223.20311         6.55757         0.13789         0.01775         1.00000          HIDESS 
       HD145457   2456579.92543       -25.12273         5.77249        10.01731       182.10911        11.79534         0.16572         0.05389         1.00000          HIDESS 
       HD145457   2456859.15448         4.89854         9.37783        10.44258       167.28141        17.24492             nan             nan             nan         HIDESF1 
       HD145457   2456859.98423        15.58925         6.43386        10.33730       169.40081        12.44389             nan             nan             nan         HIDESF1 
       HD145457   2457237.99295        47.00049         5.44125        10.29133       131.63019         6.60016             nan             nan             nan         HIDESF1 
       HD145457   2457476.32314       -22.66692         6.08315        10.37731       148.39707         6.48427             nan             nan             nan         HIDESF1 
       HD145457   2457796.32830        58.94325         5.98509        10.28396       133.37279         7.07303             nan             nan             nan         HIDESF1 
       HD145457   2457856.32645       -60.83409         5.44010        10.29106       129.76501         6.20036             nan             nan             nan         HIDESF1 
       HD145457   2457885.25010       -33.86905         6.46795        10.22157       113.29705         7.62704             nan             nan             nan         HIDESF1 
       HD145457   2457905.22475         1.30610        10.11443        10.46629        71.53788        15.89039             nan             nan             nan         HIDESF1 
       HD145457   2457907.21818       -13.59499         6.25782        10.26354       158.25143         9.64779             nan             nan             nan         HIDESF1 
       HD145457   2458840.40205        81.75307         9.55710        10.26058       106.72732        10.24230             nan             nan             nan         HIDESF2 
       HD145457   2458900.25227        15.56123         6.85995        10.41461       108.64466        13.34854             nan             nan             nan         HIDESF2 
       HD145457   2458925.29950       -26.16907         6.09652        10.37302        76.48196         5.15541             nan             nan             nan         HIDESF2 
       HD145457   2458930.31738       -10.55434        10.46322        10.35896       128.59578        11.58442             nan             nan             nan         HIDESF2 
       HD145457   2459274.26286       -28.78540         9.82382        10.50391       107.64593        18.01041             nan             nan             nan         HIDESF2 
       HD145457   2459277.30953       -44.65659        10.49707        10.65307       204.35297        26.64176             nan             nan             nan         HIDESF2 
