       HD141680   2451949.32696       -19.52530         4.36311             nan             nan             nan             nan             nan             nan          HIDESS 
       HD141680   2451963.23494       -17.77109         8.16395             nan             nan             nan             nan             nan             nan          HIDESS 
       HD141680   2451963.31846       -22.11236         4.51234             nan             nan             nan             nan             nan             nan          HIDESS 
       HD141680   2451965.33543       -43.35758         5.05566             nan             nan             nan             nan             nan             nan          HIDESS 
       HD141680   2451966.30394       -18.90156         4.17304             nan             nan             nan             nan             nan             nan          HIDESS 
       HD141680   2452016.29715       -33.85322         6.91448             nan             nan             nan             nan             nan             nan          HIDESS 
       HD141680   2452018.19965       -15.69007         3.65406             nan             nan             nan             nan             nan             nan          HIDESS 
       HD141680   2452041.14558        -5.00812         3.80805             nan             nan             nan             nan             nan             nan          HIDESS 
       HD141680   2452042.12571        15.61895         3.72475             nan             nan             nan             nan             nan             nan          HIDESS 
       HD141680   2452123.99159        24.93458         4.40568             nan             nan             nan             nan             nan             nan          HIDESS 
       HD141680   2452132.99306        42.10885         3.11925             nan             nan             nan             nan             nan             nan          HIDESS 
       HD141680   2452133.01075        44.87248         3.33976             nan             nan             nan             nan             nan             nan          HIDESS 
       HD141680   2452272.34723       -18.02657         4.45129             nan             nan             nan             nan             nan             nan          HIDESS 
       HD141680   2452337.32085        12.17655         4.35120             nan             nan             nan             nan             nan             nan          HIDESS 
       HD141680   2452361.31889         1.11469         4.96783             nan             nan             nan             nan             nan             nan          HIDESS 
       HD141680   2452408.08660        40.78482         4.89062             nan             nan             nan             nan             nan             nan          HIDESS 
       HD141680   2452415.10562        51.89737         4.68900             nan             nan             nan             nan             nan             nan          HIDESS 
       HD141680   2452475.99814        35.93108         4.81107             nan             nan             nan             nan             nan             nan          HIDESS 
       HD141680   2452485.04403        -1.42552         4.21219             nan             nan             nan             nan             nan             nan          HIDESS 
       HD141680   2452488.04871        -0.57623         3.29574             nan             nan             nan             nan             nan             nan          HIDESS 
       HD141680   2452492.02042         0.90274         3.25902             nan             nan             nan             nan             nan             nan          HIDESS 
       HD141680   2452508.98691       -27.37591         4.52331             nan             nan             nan             nan             nan             nan          HIDESS 
       HD141680   2452568.89566       -36.60117         4.97004             nan             nan             nan             nan             nan             nan          HIDESS 
       HD141680   2452635.37147       -11.39847         5.53298             nan             nan             nan             nan             nan             nan          HIDESS 
       HD141680   2452639.38001        22.99964         5.74924             nan             nan             nan             nan             nan             nan          HIDESS 
       HD141680   2452653.37119         5.68399         4.17079             nan             nan             nan             nan             nan             nan          HIDESS 
       HD141680   2452654.38687        27.04733         4.65514             nan             nan             nan             nan             nan             nan          HIDESS 
       HD141680   2452656.34454         4.42932         4.18072             nan             nan             nan             nan             nan             nan          HIDESS 
       HD141680   2452677.35735        17.41591         4.04338             nan             nan             nan             nan             nan             nan          HIDESS 
       HD141680   2452680.34551        20.38829         4.20588             nan             nan             nan             nan             nan             nan          HIDESS 
       HD141680   2452689.32355        48.99386         4.94046             nan             nan             nan             nan             nan             nan          HIDESS 
       HD141680   2452692.28231        50.71948         3.90722             nan             nan             nan             nan             nan             nan          HIDESS 
       HD141680   2452706.26728        64.91603         5.16476             nan             nan             nan             nan             nan             nan          HIDESS 
       HD141680   2452709.31775        27.87153         5.20715             nan             nan             nan             nan             nan             nan          HIDESS 
       HD141680   2452735.22673        15.97969         4.42613             nan             nan             nan             nan             nan             nan          HIDESS 
       HD141680   2452739.27621        11.85162         4.52942             nan             nan             nan             nan             nan             nan          HIDESS 
       HD141680   2452756.25938        -0.12572         6.26778             nan             nan             nan             nan             nan             nan          HIDESS 
       HD141680   2453024.37244       -32.39285         3.78719             nan             nan             nan             nan             nan             nan          HIDESS 
       HD141680   2453077.25467       -51.09180         4.44476             nan             nan             nan             nan             nan             nan          HIDESS 
       HD141680   2453100.25576       -28.03201         4.03013             nan             nan             nan             nan             nan             nan          HIDESS 
       HD141680   2453131.14066       -35.73376         4.00088             nan             nan             nan             nan             nan             nan          HIDESS 
       HD141680   2453132.28299       -47.76729         5.69842             nan             nan             nan             nan             nan             nan          HIDESS 
       HD141680   2453158.19047       -11.71598         4.37909             nan             nan             nan             nan             nan             nan          HIDESS 
       HD141680   2453201.07760       -20.43118         3.70561             nan             nan             nan             nan             nan             nan          HIDESS 
       HD141680   2453213.02353        -1.63640         4.04681             nan             nan             nan             nan             nan             nan          HIDESS 
       HD141680   2453215.05113         1.64118         3.89471             nan             nan             nan             nan             nan             nan          HIDESS 
       HD141680   2453231.01004       -20.92964         3.74279             nan             nan             nan             nan             nan             nan          HIDESS 
       HD141680   2453248.98158       -13.20017         3.81834             nan             nan             nan             nan             nan             nan          HIDESS 
       HD141680   2453404.34394       -24.17988         3.80702             nan             nan             nan             nan             nan             nan          HIDESS 
       HD141680   2453447.25707         7.10115         4.22785             nan             nan             nan             nan             nan             nan          HIDESS 
       HD141680   2453581.98624         8.37237         5.01224             nan             nan             nan             nan             nan             nan          HIDESS 
       HD141680   2453609.01860       -17.61716         3.85801             nan             nan             nan             nan             nan             nan          HIDESS 
       HD141680   2453745.37159       -17.87804         5.45060             nan             nan             nan             nan             nan             nan          HIDESS 
       HD141680   2453887.23170        31.29488         4.44303             nan             nan             nan             nan             nan             nan          HIDESS 
       HD141680   2453962.95788        25.86467         3.70927             nan             nan             nan             nan             nan             nan          HIDESS 
       HD141680   2454308.99277         9.32385         3.45160             nan             nan             nan             nan             nan             nan          HIDESS 
       HD141680   2454558.19474        -8.27289         3.79282         9.57014       186.06894         6.71631         0.13473         0.02363         1.00000          HIDESS 
       HD141680   2454589.19936        -0.26532         3.88766         9.49827       237.26457         6.68269         0.15185         0.01863         1.00000          HIDESS 
       HD141680   2454952.21023         0.12903         3.55187         9.47411       218.34915         6.33512         0.14589         0.02075         1.00000          HIDESS 
       HD141680   2455234.30055        -4.87445         3.33004         9.45097       153.81372         4.46195         0.10627         0.02188         1.00000          HIDESS 
       HD141680   2455351.03255       -21.14879         3.77361         9.47448       210.15446         8.47570         0.08176         0.02331         1.00000          HIDESS 
       HD141680   2455398.04373       -15.51759         3.41222         9.42660       255.11255         8.33026         0.13670         0.05165         1.00000          HIDESS 
       HD141680   2455435.96321       -15.48073         3.65313         9.48514       211.69106         6.96268         0.13108         0.02882         1.00000          HIDESS 
       HD141680   2455586.31316       -58.94076         3.77012         9.44487       215.93156         9.03988         0.08661         0.03599         1.00000          HIDESS 
       HD141680   2455613.33933       -31.22179         3.16834         9.44422       199.00433         6.30450         0.12812         0.01826         1.00000          HIDESS 
       HD141680   2455624.36245       -37.36794         3.76622         9.45273       216.28598         8.12262         0.13270         0.02607         1.00000          HIDESS 
       HD141680   2455636.34433       -29.48989         4.14963         9.49875       193.45633         7.87471         0.07250         0.02422         1.00000          HIDESS 
       HD141680   2455656.22808        -0.33654         3.72404         9.46599       205.38535         6.33377         0.12644         0.01939         1.00000          HIDESS 
       HD141680   2455671.21101        -0.92410         2.93084         9.81338       152.72545         5.99471             nan             nan             nan         HIDESF1 
       HD141680   2455672.27454        12.48173         2.93463         9.78553       156.78051         4.85124             nan             nan             nan         HIDESF1 
       HD141680   2455690.17077         2.51132         3.38537         9.49549       189.99544         6.88451         0.12461         0.02134         1.00000          HIDESS 
       HD141680   2455695.16336         9.87278         2.77478         9.83692       162.61595         5.66642             nan             nan             nan         HIDESF1 
       HD141680   2455695.28698        21.32072         2.75464         9.81740       168.00917         7.92435             nan             nan             nan         HIDESF1 
       HD141680   2455696.07322         8.26652         2.83038         9.79845       151.48651         5.47779             nan             nan             nan         HIDESF1 
       HD141680   2455696.11491        12.09878         2.85404         9.79893       161.66923         6.21544             nan             nan             nan         HIDESF1 
       HD141680   2455697.09126        16.62086         2.61309         9.79347       158.83345         3.88868             nan             nan             nan         HIDESF1 
       HD141680   2455698.22573        27.34174         4.41774         9.71881       164.84080        10.88075             nan             nan             nan         HIDESF1 
       HD141680   2455700.16183        12.18750         2.92962         9.79226       157.70355         5.65204             nan             nan             nan         HIDESF1 
       HD141680   2455701.03001        45.54129         3.38384         9.81807       174.39059         8.95444             nan             nan             nan         HIDESF1 
       HD141680   2455701.13525        29.05821         2.85353         9.81293       151.06223         6.25886             nan             nan             nan         HIDESF1 
       HD141680   2455717.10107        35.42635         4.88138         9.52462       193.18881         7.89551         0.08277         0.02816         1.00000          HIDESS 
       HD141680   2455757.06439         6.86359         3.75167         9.45168       246.06509         7.83190         0.17394         0.04606         1.00000          HIDESS 
       HD141680   2455759.08915         7.91817         3.55783         9.46827       218.62136         8.35797         0.15251         0.04457         1.00000          HIDESS 
       HD141680   2455763.01491        23.35455         3.33157         9.47582       199.63494         5.48681         0.12941         0.01966         1.00000          HIDESS 
       HD141680   2455766.01111        32.52974         3.64013         9.49855       203.40836         7.80984         0.13002         0.02803         1.00000          HIDESS 
       HD141680   2455770.05869        22.78379         3.95229         9.45424       227.39369         9.12715         0.28776         0.06822         1.00000          HIDESS 
       HD141680   2455785.01268        39.09446         2.82145         9.52379       219.38222         5.13916         0.16500         0.02987         1.00000          HIDESS 
       HD141680   2455787.96919        10.56204         4.49298         9.58130       183.01410         8.86485         0.11300         0.03752         1.00000          HIDESS 
       HD141680   2455797.95828        -1.41742         2.82930         9.81607       148.90619         5.18282             nan             nan             nan         HIDESF1 
       HD141680   2455804.94992       -20.75383         2.86044         9.45041       247.45250         6.52699         0.12846         0.03283         1.00000          HIDESS 
       HD141680   2455809.94598       -13.07895         3.29556         9.50437       185.91963         5.84555         0.12709         0.02309         1.00000          HIDESS 
       HD141680   2455811.94692        -9.27294         2.34651         9.82011       167.85836         4.97065             nan             nan             nan         HIDESF1 
       HD141680   2455812.96170        -3.20254         2.65064         9.81858       158.18957         6.13073             nan             nan             nan         HIDESF1 
       HD141680   2455813.94841         9.60480         3.11205         9.79135       140.80160         5.69667             nan             nan             nan         HIDESF1 
       HD141680   2455814.93735        -9.03460         3.26427         9.80085       158.39793         5.41215             nan             nan             nan         HIDESF1 
       HD141680   2455816.96963        11.88323         2.89972         9.81720       154.34359         4.65769             nan             nan             nan         HIDESF1 
       HD141680   2455846.89523       -41.28934         4.21228         9.42559       252.64401        16.02196         0.16502         0.11006         1.00000          HIDESS 
       HD141680   2455943.37228         5.07639         3.36336         9.48033       176.78726         4.80828         0.13212         0.01828         1.00000          HIDESS 
       HD141680   2455978.37026        56.57267         3.48486         9.46463       179.25494         4.37115         0.14253         0.01415         1.00000          HIDESS 
       HD141680   2456013.26832        33.52253         3.38243         9.47085       196.27722         5.13794         0.13414         0.01681         1.00000          HIDESS 
       HD141680   2456014.22471        24.63835         2.97411         9.76975       162.27680         5.25665             nan             nan             nan         HIDESF1 
       HD141680   2456015.18250        38.28607         2.92343         9.76073       131.88332         4.48605             nan             nan             nan         HIDESF1 
       HD141680   2456016.16765        47.85284         3.19315         9.78629       163.26710         7.18844             nan             nan             nan         HIDESF1 
       HD141680   2456030.28754        30.41396         3.67352         9.46247       196.23764         5.84826         0.13363         0.02207         1.00000          HIDESS 
       HD141680   2456032.20586        39.28929         3.28627         9.44994       167.99432         4.80619         0.14986         0.01563         1.00000          HIDESS 
       HD141680   2456034.20937        46.02286         3.64595         9.42166       162.20693         5.32025         0.12854         0.02023         1.00000          HIDESS 
       HD141680   2456035.31726        37.02129         3.50197         9.49453       199.28878         6.03594         0.13216         0.03369         1.00000          HIDESS 
       HD141680   2456041.27272        15.74726         3.16370         9.76405       165.80117         5.86748             nan             nan             nan         HIDESF1 
       HD141680   2456057.23227        29.87711         2.76462         9.81364       165.72843         6.13820             nan             nan             nan         HIDESF1 
       HD141680   2456060.11022        27.44790         3.73329         9.44064       156.44011         5.98900         0.11376         0.02251         1.00000          HIDESS 
       HD141680   2456061.10431         7.39225         3.58096         9.49714       183.05852         6.90019         0.12789         0.02106         1.00000          HIDESS 
       HD141680   2456084.08964       -14.80740         4.32136         9.49276       163.27872         7.70675         0.09520         0.02560         1.00000          HIDESS 
       HD141680   2456086.18908       -15.12593         4.21918         9.48407       207.68653        11.36688         0.22640         0.07253         1.00000          HIDESS 
       HD141680   2456092.07330        -9.96940         3.59005         9.79260       155.53000         7.28054             nan             nan             nan         HIDESF1 
       HD141680   2456093.16863        -4.51320         5.34316         9.80318       168.63997        14.14254             nan             nan             nan         HIDESF1 
       HD141680   2456133.01496       -50.44295         2.69940         9.78215       160.97791         5.38537             nan             nan             nan         HIDESF1 
       HD141680   2456137.97137       -23.99305         2.31933         9.78931       170.67717         3.59038             nan             nan             nan         HIDESF1 
       HD141680   2456154.97417       -62.28261         3.62799         9.52705       240.97096         6.11039         0.12100         0.02300         1.00000          HIDESS 
       HD141680   2456164.00446       -43.68760         2.64358         9.78276       172.13359         5.43548             nan             nan             nan         HIDESF1 
       HD141680   2456164.99031       -37.49746         2.86497         9.79935       160.32160         4.55656             nan             nan             nan         HIDESF1 
       HD141680   2456165.99603       -34.90340         2.94118         9.81012       148.34545         5.10401             nan             nan             nan         HIDESF1 
       HD141680   2456170.00290       -40.98984         3.07456         9.82237       169.70240         6.72756             nan             nan             nan         HIDESF1 
       HD141680   2456212.89648        -0.72946         3.67819         9.69712       208.18142        11.15317         0.07049         0.03138         1.00000          HIDESS 
       HD141680   2456297.38549         4.71325         3.70178         9.45117       133.61923         6.52148         0.16440         0.04764         1.00000          HIDESS 
       HD141680   2456414.23804       -53.64828         3.76957         9.43305       207.03102         7.22882         0.09213         0.01460         1.00000          HIDESS 
       HD141680   2456447.17929       -50.76584         3.55448         9.40549       220.93079         8.89429         0.15611         0.04399         1.00000          HIDESS 
       HD141680   2456515.99403        12.99300         3.23605         9.85794       154.59484         6.98055             nan             nan             nan         HIDESF1 
       HD141680   2456520.99199        16.04204         3.77023         9.77267       130.92270         6.14498             nan             nan             nan         HIDESF1 
       HD141680   2456523.96269         2.52325         3.10661         9.85524       145.46857         5.66045             nan             nan             nan         HIDESF1 
       HD141680   2456735.27795       -23.61044         3.36320         9.80498       142.57649         8.30961             nan             nan             nan         HIDESF1 
       HD141680   2456816.12848       -29.54800         3.22383         9.42821       217.92225         6.21544         0.14045         0.02103         1.00000          HIDESS 
       HD141680   2457047.33531        -9.19013         3.78513         9.52134       202.59594         8.90828         0.12630         0.03599         1.00000          HIDESS 
       HD141680   2457108.25728        -8.66719         3.11615         9.81541       136.06110         6.40142             nan             nan             nan         HIDESF1 
       HD141680   2457135.27208       -16.62081         3.42601         9.51772       203.09228         7.19088         0.15742         0.02741         1.00000          HIDESS 
       HD141680   2457140.19055       -13.18197         3.50056         9.85156       131.33563         5.54184             nan             nan             nan         HIDESF1 
       HD141680   2457169.25463         1.13915         3.74216         9.83872       140.95379         7.77412             nan             nan             nan         HIDESF1 
       HD141680   2457174.17614        -7.52677         3.14339         9.86453       160.04821         7.28097             nan             nan             nan         HIDESF1 
       HD141680   2457235.01789        15.93044         3.12597         9.83609       161.36110         6.10268             nan             nan             nan         HIDESF1 
       HD141680   2457237.95118        18.92143         2.64074         9.83250       158.35763         6.05858             nan             nan             nan         HIDESF1 
       HD141680   2457392.39689       -32.78189         3.11324         9.80362       155.52293         6.35728             nan             nan             nan         HIDESF1 
       HD141680   2457426.33630       -11.98423         3.33347         9.80333       154.15025         6.60604             nan             nan             nan         HIDESF1 
       HD141680   2457455.32332        -4.63237         3.42309         9.80282       141.60125         6.75824             nan             nan             nan         HIDESF1 
       HD141680   2457475.30852        17.39215         3.03272         9.80656       151.75137         6.04329             nan             nan             nan         HIDESF1 
       HD141680   2457476.25442        22.15429         2.99379         9.79425       142.85986         5.23002             nan             nan             nan         HIDESF1 
       HD141680   2457507.16884       -13.21586         3.22100         9.81101       176.22072         7.52290             nan             nan             nan         HIDESF1 
       HD141680   2457508.23251       -16.02059         3.14371         9.83435       151.91857         5.52658             nan             nan             nan         HIDESF1 
       HD141680   2457510.22697       -14.81400         3.10290         9.80685       144.21577         5.07952             nan             nan             nan         HIDESF1 
       HD141680   2457521.15448       -23.45804         3.30201         9.80398       175.37752         7.60670             nan             nan             nan         HIDESF1 
       HD141680   2457542.17635       -16.45747         3.52635         9.76165       166.93515         7.67212             nan             nan             nan         HIDESF1 
       HD141680   2457592.05438         0.59983         3.19616         9.80495       188.67158         9.56068             nan             nan             nan         HIDESF1 
       HD141680   2457792.37407       -14.39069         3.49717         9.77464       159.45363         8.29602             nan             nan             nan         HIDESF1 
       HD141680   2457866.33426       -12.22757         3.21489         9.80888       174.11121         7.64181             nan             nan             nan         HIDESF1 
       HD141680   2457895.12386       -22.15075         3.33880         9.78722       179.79585         5.96295             nan             nan             nan         HIDESF1 
       HD141680   2457907.21022        -2.31369         3.51214         9.83299       169.94572         8.59396             nan             nan             nan         HIDESF1 
       HD141680   2457909.09872       -27.00748         3.47975         9.76722       176.91296         8.22170             nan             nan             nan         HIDESF1 
       HD141680   2457949.08337        -7.81846         4.57405         9.85983       147.92402         9.06637             nan             nan             nan         HIDESF1 
       HD141680   2457984.97539        27.92800         3.27620         9.84990       148.21846         5.46675             nan             nan             nan         HIDESF1 
       HD141680   2457990.01365        12.63575         3.89703         9.84758       125.40706         6.10729             nan             nan             nan         HIDESF1 
       HD141680   2458560.22525        12.71317         3.89853        10.12337       173.92594         8.62884             nan             nan             nan         HIDESF2 
       HD141680   2458591.25202        13.86309         4.12391        10.11116       152.43249         7.84288             nan             nan             nan         HIDESF2 
       HD141680   2458611.28697         2.60636         3.83778        10.11428       145.82114         7.05791             nan             nan             nan         HIDESF2 
       HD141680   2458690.07969         1.32793         6.34109        10.10675       144.38150        14.53618             nan             nan             nan         HIDESF2 
       HD141680   2458705.00325        25.15550         7.73641        10.15348       185.97085        16.67471             nan             nan             nan         HIDESF2 
       HD141680   2458705.99242        20.98864         5.59384        10.12568       147.43966        11.72987             nan             nan             nan         HIDESF2 
       HD141680   2458900.23671        18.32278         4.01278         9.93933       111.71246         7.30214             nan             nan             nan         HIDESF2 
       HD141680   2458917.36833        -9.62382         4.17179         9.88551        86.45204         5.60062             nan             nan             nan         HIDESF2 
       HD141680   2458929.19887        10.46792         4.87110         9.89033        97.12916         7.63356             nan             nan             nan         HIDESF2 
       HD141680   2458930.32811       -21.66820        11.64087         9.84965       176.26080        29.19073             nan             nan             nan         HIDESF2 
       HD141680   2458942.33274        -2.97978         5.57280         9.89464        84.73141         8.54384             nan             nan             nan         HIDESF2 
       HD141680   2458943.28601        20.15901         4.07060         9.93200       119.48141         8.61691             nan             nan             nan         HIDESF2 
       HD141680   2458945.27308       -10.35743         4.03194         9.89597       114.59483         6.95161             nan             nan             nan         HIDESF2 
       HD141680   2458946.33825        -7.48673         6.69099         9.91828       135.02053        17.28348             nan             nan             nan         HIDESF2 
       HD141680   2458947.21657       -12.73648         4.58136         9.96992       127.91124        11.34417             nan             nan             nan         HIDESF2 
       HD141680   2458948.30265        -4.80647         4.28431         9.91226       108.44512         6.04153             nan             nan             nan         HIDESF2 
       HD141680   2458984.21700       -11.55327         6.12357         9.93579       118.75270         9.20068             nan             nan             nan         HIDESF2 
       HD141680   2459233.36813         3.09442         5.87474         9.94493       117.40448        12.83986             nan             nan             nan         HIDESF2 
       HD141680   2459250.38720        -7.59854         3.96135         9.87373       129.69092         7.51065             nan             nan             nan         HIDESF2 
       HD141680   2459330.09926       -18.63642         6.79535         9.92717       153.60886         9.03306             nan             nan             nan         HIDESF2 
       HD141680   2459331.32300       -27.27504         8.13248         9.84952       151.28531        15.49162             nan             nan             nan         HIDESF2 
