       HD142091   2452312.26639        14.43875         3.25722             nan             nan             nan             nan             nan             nan          HIDESS 
       HD142091   2452336.34187        15.95183         3.48888             nan             nan             nan             nan             nan             nan          HIDESS 
       HD142091   2452416.12856        17.20607         3.66207             nan             nan             nan             nan             nan             nan          HIDESS 
       HD142091   2452427.20453        18.12874         3.81211             nan             nan             nan             nan             nan             nan          HIDESS 
       HD142091   2452486.03228        13.12766         3.04766             nan             nan             nan             nan             nan             nan          HIDESS 
       HD142091   2452492.10216        10.69925         3.21543             nan             nan             nan             nan             nan             nan          HIDESS 
       HD142091   2452655.39060         6.52661         3.28312             nan             nan             nan             nan             nan             nan          HIDESS 
       HD142091   2452758.19219        -9.09118         4.04033             nan             nan             nan             nan             nan             nan          HIDESS 
       HD142091   2453052.22609       -23.86980         2.76690             nan             nan             nan             nan             nan             nan          HIDESS 
       HD142091   2453077.22584       -25.41131         3.00427             nan             nan             nan             nan             nan             nan          HIDESS 
       HD142091   2453100.19382       -19.37934         2.62526             nan             nan             nan             nan             nan             nan          HIDESS 
       HD142091   2453107.22413       -22.22383         2.70710             nan             nan             nan             nan             nan             nan          HIDESS 
       HD142091   2453367.32145         1.93801         3.04902             nan             nan             nan             nan             nan             nan          HIDESS 
       HD142091   2453470.23617        17.46393         3.66235             nan             nan             nan             nan             nan             nan          HIDESS 
       HD142091   2453609.05708        22.00539         3.26677             nan             nan             nan             nan             nan             nan          HIDESS 
       HD142091   2453810.20888         8.43672         8.53494             nan             nan             nan             nan             nan             nan          HIDESS 
       HD142091   2454128.36614       -15.82972         3.12504             nan             nan             nan             nan             nan             nan          HIDESS 
       HD142091   2454147.37980       -15.92245         2.69620             nan             nan             nan             nan             nan             nan          HIDESS 
       HD142091   2454217.18604       -32.00423         2.70795             nan             nan             nan             nan             nan             nan          HIDESS 
       HD142091   2454378.93127       -27.05605         3.31475             nan             nan             nan             nan             nan             nan          HIDESS 
       HD142091   2454458.36753       -11.90489         3.35845         8.97000       139.61436        10.34675         0.14792         0.03723         1.00000          HIDESS 
       HD142091   2454492.35237        -6.14779         2.68090         8.95293       108.75741         4.95650         0.12823         0.02009         1.00000          HIDESS 
       HD142091   2454525.34195        -6.06853         2.53688         8.90325       138.18081         4.67300         0.16154         0.01790         1.00000          HIDESS 
       HD142091   2454587.20735        -1.17019         3.19839         8.84701       145.26012         6.62119         0.16862         0.02473         1.00000          HIDESS 
       HD142091   2454624.06893         2.94140         2.80808         8.78892       140.91529         4.54528         0.16767         0.01869         1.00000          HIDESS 
       HD142091   2454672.01547        10.82876         3.05852         8.97837       149.76590         3.65408         0.16400         0.01410         1.00000          HIDESS 
       HD142091   2454702.96726        21.44617         3.07270         8.93419       157.67989         5.42946         0.13656         0.02050         1.00000          HIDESS 
       HD142091   2454755.90242        23.54881         2.85574         8.89850       115.89886         3.38459         0.15685         0.02012         1.00000          HIDESS 
       HD142091   2454818.37551        20.70187         3.33486         8.85969       110.70108         7.48448         0.14004         0.05770         1.00000          HIDESS 
       HD142091   2454863.38073        25.77571         2.54836         8.86869       141.37516         5.36957         0.15291         0.01842         1.00000          HIDESS 
       HD142091   2454928.14839        25.60120         2.36768         8.81397       120.16676         3.12699         0.16152         0.01713         1.00000          HIDESS 
       HD142091   2454953.14678        23.11557         2.44051         8.87910       145.10907         4.08120         0.15590         0.01544         1.00000          HIDESS 
       HD142091   2455132.89379        14.63634         3.19828         8.82538        90.42361         3.55690         0.06935         0.02530         1.00000          HIDESS 
       HD142091   2455236.30672        -4.91804         3.54219         8.89002       127.60444        10.57343         0.10965         0.03133         1.00000          HIDESS 
       HD142091   2455236.31466        -2.83234         2.85002         8.84840       121.80926         5.44525         0.15264         0.02288         1.00000          HIDESS 
       HD142091   2455329.29066       -20.05957         2.60956         8.84710       145.52340         3.16519         0.16180         0.01176         1.00000          HIDESS 
       HD142091   2455398.08126       -11.91233         2.88211         8.85666       150.87380         3.07762         0.16803         0.01198         1.00000          HIDESS 
       HD142091   2455435.97704       -25.89597         3.07687         8.86393       143.84081         2.78542         0.16107         0.01136         1.00000          HIDESS 
       HD142091   2455467.91769       -30.91104         3.35109         8.88072       139.56501         4.50048         0.16381         0.02074         1.00000          HIDESS 
       HD142091   2455637.21098       -26.23846         3.11376         8.85542       124.38048         5.36900         0.12138         0.02340         1.00000          HIDESS 
       HD142091   2455665.15882       -14.18696         2.92708         8.83876       126.64165         3.77962         0.14972         0.01652         1.00000          HIDESS 
       HD142091   2456155.01916        22.84709         3.15834         8.86382       132.89939         3.64337         0.16022         0.01644         1.00000          HIDESS 
       HD142091   2456297.34125        12.66197         2.23452         8.83059        86.97308         3.39900         0.14526         0.02687         1.00000          HIDESS 
       HD142091   2456523.96740        -1.95455         2.69804         9.20917        87.15845         3.62299             nan             nan             nan         HIDESF1 
       HD142091   2456735.26824       -17.49871         3.07328         9.28783       112.24507         5.97967             nan             nan             nan         HIDESF1 
       HD142091   2456859.09145        -2.05891         8.72294         9.29240       156.65742        16.46439             nan             nan             nan         HIDESF1 
       HD142091   2456859.09649        -7.25907         3.82875         9.26417       114.18014         7.61106             nan             nan             nan         HIDESF1 
       HD142091   2456947.92337        -5.34579         2.95456         9.23826        96.02581         4.63277             nan             nan             nan         HIDESF1 
       HD142091   2457046.39956        -5.30501         2.41109         8.86319       144.56457         5.79442         0.14362         0.01956         1.00000          HIDESS 
       HD142091   2457107.36527         7.12203         2.89196         9.23464       107.60209         4.01051             nan             nan             nan         HIDESF1 
       HD142091   2457136.22677        12.36044         2.38273         8.77078       145.91019         2.48957         0.16214         0.00912         1.00000          HIDESS 
       HD142091   2457136.23882         8.91917         2.32070         8.74497       141.92702         2.50797         0.16152         0.01003         1.00000          HIDESS 
       HD142091   2457174.16921        13.59081         3.00996         9.27528        83.53274         2.77990             nan             nan             nan         HIDESF1 
       HD142091   2457235.02628        26.92859         2.64951         9.22682        91.85627         4.11694             nan             nan             nan         HIDESF1 
       HD142091   2457262.01223        24.61853         2.76394         9.22544        97.93369         3.54897             nan             nan             nan         HIDESF1 
       HD142091   2457795.38986        -3.93464         3.16024         9.24500       110.10022         4.77812             nan             nan             nan         HIDESF1 
       HD142091   2457837.34601        -4.85705         5.00519         9.20022       166.89431        14.36777             nan             nan             nan         HIDESF1 
       HD142091   2457908.11713       -13.72402         3.09537         9.20745        85.83662         3.91195             nan             nan             nan         HIDESF1 
       HD142091   2457985.06802       -13.13075         3.01138         9.28068       116.10973         5.46002             nan             nan             nan         HIDESF1 
       HD142091   2458477.32708        -6.86577         3.75253         9.51440        77.24160         3.22583             nan             nan             nan         HIDESF2 
       HD142091   2458487.35353        -1.27811         3.69674         9.58284        85.01026         4.40681             nan             nan             nan         HIDESF2 
       HD142091   2458578.09276         2.20940         4.09994         9.54703        92.58936         4.93813             nan             nan             nan         HIDESF2 
       HD142091   2458615.18745        -0.76788         3.74987         9.55321        93.09058         4.92875             nan             nan             nan         HIDESF2 
       HD142091   2458681.14006         7.73773         9.61300         9.63605        47.86412         5.54083             nan             nan             nan         HIDESF2 
       HD142091   2458706.09843         1.96936         4.81792         9.56859        77.99150         5.95621             nan             nan             nan         HIDESF2 
