        HD15779   2452311.96357       -41.89608         5.23471             nan             nan             nan             nan             nan             nan          HIDESS 
        HD15779   2452507.25893        14.16282         3.67164             nan             nan             nan             nan             nan             nan          HIDESS 
        HD15779   2452541.26834        32.27874         3.50354             nan             nan             nan             nan             nan             nan          HIDESS 
        HD15779   2452655.94759        20.58851         3.27754             nan             nan             nan             nan             nan             nan          HIDESS 
        HD15779   2452677.01345         2.10083         5.34510             nan             nan             nan             nan             nan             nan          HIDESS 
        HD15779   2452888.23875       -51.10936         4.13503             nan             nan             nan             nan             nan             nan          HIDESS 
        HD15779   2452896.20187       -50.10463         3.36951             nan             nan             nan             nan             nan             nan          HIDESS 
        HD15779   2452923.21393       -48.76080         4.15176             nan             nan             nan             nan             nan             nan          HIDESS 
        HD15779   2452974.18236       -45.22935         4.47925             nan             nan             nan             nan             nan             nan          HIDESS 
        HD15779   2452999.96365       -23.38981         3.49772             nan             nan             nan             nan             nan             nan          HIDESS 
        HD15779   2453023.90253       -25.76129         3.04727             nan             nan             nan             nan             nan             nan          HIDESS 
        HD15779   2453051.91879       -31.08659         3.61695             nan             nan             nan             nan             nan             nan          HIDESS 
        HD15779   2453214.27492        19.95398         4.84666             nan             nan             nan             nan             nan             nan          HIDESS 
        HD15779   2453246.32802        15.24391         4.56511             nan             nan             nan             nan             nan             nan          HIDESS 
        HD15779   2453284.21105        24.06578         4.28486             nan             nan             nan             nan             nan             nan          HIDESS 
        HD15779   2453306.14740        19.99435         3.30550             nan             nan             nan             nan             nan             nan          HIDESS 
        HD15779   2453311.16069        29.18704         3.23797             nan             nan             nan             nan             nan             nan          HIDESS 
        HD15779   2453332.09204        35.14570         3.28221             nan             nan             nan             nan             nan             nan          HIDESS 
        HD15779   2453339.20561        43.85278         3.61072             nan             nan             nan             nan             nan             nan          HIDESS 
        HD15779   2453362.03069        46.88076         3.77066             nan             nan             nan             nan             nan             nan          HIDESS 
        HD15779   2453366.04842        50.14874         4.33426             nan             nan             nan             nan             nan             nan          HIDESS 
        HD15779   2453401.90601        19.50109         3.25826             nan             nan             nan             nan             nan             nan          HIDESS 
        HD15779   2453423.92395        22.91440        10.15312             nan             nan             nan             nan             nan             nan          HIDESS 
        HD15779   2453424.90392        19.41221         6.12215             nan             nan             nan             nan             nan             nan          HIDESS 
        HD15779   2453424.91992        24.29292         5.04602             nan             nan             nan             nan             nan             nan          HIDESS 
        HD15779   2453447.92762        14.46745         5.72062             nan             nan             nan             nan             nan             nan          HIDESS 
        HD15779   2453579.24356       -37.93044         4.40129             nan             nan             nan             nan             nan             nan          HIDESS 
        HD15779   2453600.24064       -28.14517         3.71952             nan             nan             nan             nan             nan             nan          HIDESS 
        HD15779   2453635.25722       -31.06376         5.00863             nan             nan             nan             nan             nan             nan          HIDESS 
        HD15779   2453659.27191       -51.39939         3.78557             nan             nan             nan             nan             nan             nan          HIDESS 
        HD15779   2453693.18180       -29.11791         3.60614             nan             nan             nan             nan             nan             nan          HIDESS 
        HD15779   2453727.08982       -11.52070         3.35304             nan             nan             nan             nan             nan             nan          HIDESS 
        HD15779   2453743.05497        -7.08614         3.51618             nan             nan             nan             nan             nan             nan          HIDESS 
        HD15779   2453774.92371        12.51497         4.07715             nan             nan             nan             nan             nan             nan          HIDESS 
        HD15779   2453809.91346        12.80838         4.49026             nan             nan             nan             nan             nan             nan          HIDESS 
        HD15779   2453938.29463        44.56826         4.26040             nan             nan             nan             nan             nan             nan          HIDESS 
        HD15779   2453963.29908        31.50121         3.49674             nan             nan             nan             nan             nan             nan          HIDESS 
        HD15779   2454018.18100        37.55539         3.48783             nan             nan             nan             nan             nan             nan          HIDESS 
        HD15779   2454051.07295        14.74411         3.29442             nan             nan             nan             nan             nan             nan          HIDESS 
        HD15779   2454087.15572         8.21490         5.06625             nan             nan             nan             nan             nan             nan          HIDESS 
        HD15779   2454089.13432        15.01511         3.66083             nan             nan             nan             nan             nan             nan          HIDESS 
        HD15779   2454112.96394        -4.85140         3.99193             nan             nan             nan             nan             nan             nan          HIDESS 
        HD15779   2454142.97071        -1.45654         3.06617             nan             nan             nan             nan             nan             nan          HIDESS 
        HD15779   2454170.91154       -24.22014         4.96235             nan             nan             nan             nan             nan             nan          HIDESS 
        HD15779   2454305.26656       -48.54693         4.51454             nan             nan             nan             nan             nan             nan          HIDESS 
        HD15779   2454338.25537       -50.36094         4.29583             nan             nan             nan             nan             nan             nan          HIDESS 
        HD15779   2454378.21568       -42.42969         3.94893             nan             nan             nan             nan             nan             nan          HIDESS 
        HD15779   2454416.05957       -31.18379         3.51894             nan             nan             nan             nan             nan             nan          HIDESS 
        HD15779   2454458.10991       -28.75579         4.00344         9.37841       217.59510        11.88924         0.18116         0.06736         1.00000          HIDESS 
        HD15779   2454493.00821        -2.08586         3.39082         9.44835       197.83974         8.49790         0.15017         0.04254         1.00000          HIDESS 
        HD15779   2454526.92661        17.35811         4.27984         9.43604       197.43208        10.89670         0.21187         0.10490         1.00000          HIDESS 
        HD15779   2454702.31041        27.74945         3.24275         9.40501       188.40736         3.87617         0.14353         0.01211         1.00000          HIDESS 
        HD15779   2454756.20079        25.54632         3.56459         9.34651       209.74877         6.39509         0.14988         0.02373         1.00000          HIDESS 
        HD15779   2454796.06567        18.33084         3.42846         9.40330       186.12708         4.72962         0.13353         0.01640         1.00000          HIDESS 
        HD15779   2454818.05396        -3.29463         3.65054         9.41542       200.75869         8.01543         0.11704         0.02466         1.00000          HIDESS 
        HD15779   2454856.02074       -18.18711         3.49442         9.49475       183.21587         6.57904         0.10488         0.03477         1.00000          HIDESS 
        HD15779   2455075.32344       -34.51135         4.05691         9.37116       190.43881         4.91616         0.14332         0.01621         1.00000          HIDESS 
        HD15779   2455131.16261       -15.05645         3.18044         9.37269       192.55872         3.62767         0.13953         0.01334         1.00000          HIDESS 
        HD15779   2455183.05349         3.61848         3.62668         9.40318       184.74698         6.20876         0.12354         0.01929         1.00000          HIDESS 
        HD15779   2455234.98714        18.66693         3.22645         9.35557       195.80772         8.34527         0.18799         0.07243         1.00000          HIDESS 
        HD15779   2455266.90953        36.85961         3.69081         9.35620       224.70704        11.59380         0.18044         0.11146         1.00000          HIDESS 
        HD15779   2455398.29100        39.63148         3.75082         9.27835       132.30805         4.68849         0.09889         0.06357         1.00000          HIDESS 
        HD15779   2455439.26341        22.21689         3.78649         9.32421       182.82409         4.13221         0.14198         0.01279         1.00000          HIDESS 
        HD15779   2455468.18541        19.37203         3.66786         9.35736       167.83875         5.99686         0.12370         0.02370         1.00000          HIDESS 
        HD15779   2455502.15323        25.63393         3.87548         9.40456       187.28097         5.40576         0.13887         0.02020         1.00000          HIDESS 
        HD15779   2455525.08020        10.38073         3.97457         9.36857       194.35554         6.98096         0.14321         0.02208         1.00000          HIDESS 
        HD15779   2455525.21316        18.82366         4.03801         9.42148       227.86799         9.75211         0.14372         0.06318         1.00000          HIDESS 
        HD15779   2455545.10108        -2.16990         3.71028         9.40758       193.25037         7.79880         0.06630         0.01968         1.00000          HIDESS 
        HD15779   2455581.98135         0.63957         3.35109         9.36093       192.94963         8.93065         0.35123         0.07066         1.00000          HIDESS 
        HD15779   2455759.28648       -20.97920         3.90348         9.33643       148.75759         5.41709         0.69381         0.13334         0.00000          HIDESS 
        HD15779   2455786.29806       -13.51925         3.75364         9.34438       152.02499         3.47384         0.15193         0.01717         1.00000          HIDESS 
        HD15779   2455811.27584       -20.06449         3.47092         9.36039       188.65502         4.72635         0.13953         0.01571         1.00000          HIDESS 
        HD15779   2455854.19103        -8.70979         3.59302         9.36727       182.93079         5.35997         0.10408         0.01773         1.00000          HIDESS 
        HD15779   2455879.13505        -8.37250         4.05311         9.39198       180.40509         8.15165         0.11559         0.02848         1.00000          HIDESS 
        HD15779   2455920.00979        21.40342         3.84776         9.37490       183.20665         6.95902         0.12993         0.02121         1.00000          HIDESS 
        HD15779   2455937.98131        26.97030         2.74897         9.38977       187.45166         5.02509         0.13023         0.01667         1.00000          HIDESS 
        HD15779   2455973.92106        29.71646         3.21238         9.40627       211.55242         7.73047         0.10865         0.02193         1.00000          HIDESS 
        HD15779   2456142.31832        42.44153         3.92650         9.35885       176.64288         6.35167         0.11391         0.01836         1.00000          HIDESS 
        HD15779   2456215.14819         4.17920         3.77743         9.69167       169.32766         6.05157         0.13578         0.02021         1.00000          HIDESS 
        HD15779   2456286.05604       -22.68151         3.30638         9.35539       218.05346         7.42356         0.10366         0.02585         1.00000          HIDESS 
        HD15779   2456297.03760       -21.80941         2.94024         9.37355       223.55237         6.36652         0.13171         0.02327         1.00000          HIDESS 
        HD15779   2456298.99806       -31.13464         3.21734         9.39476       205.99064         5.92583         0.14316         0.02432         1.00000          HIDESS 
        HD15779   2456553.29393       -22.73548         3.33436         9.68059       156.31610         6.37608             nan             nan             nan         HIDESF1 
        HD15779   2456577.19345        11.60010         3.50230         9.33887       197.14144         7.45953         0.14101         0.02386         1.00000          HIDESS 
        HD15779   2456595.16099         3.30714         3.32198         9.69629       155.46184         5.86025             nan             nan             nan         HIDESF1 
        HD15779   2456596.16950        -6.02509         3.69493         9.66545       141.55990         6.95858             nan             nan             nan         HIDESF1 
        HD15779   2456605.18578       -15.92234         3.33222         9.68127       134.39668         6.77274             nan             nan             nan         HIDESF1 
        HD15779   2456607.09055        -4.22905         3.20072         9.71123       167.89025         6.90881             nan             nan             nan         HIDESF1 
        HD15779   2456610.10146         1.47416         3.07802         9.70548       167.93751         7.13612             nan             nan             nan         HIDESF1 
        HD15779   2456616.09508       -13.90744         3.14344         9.72488       164.73596         5.92402             nan             nan             nan         HIDESF1 
        HD15779   2456618.04684        -0.59398         3.48161         9.38876       160.80295         5.82633         0.11526         0.02666         1.00000          HIDESS 
        HD15779   2456627.07029        17.33173         2.70622         9.72950       146.88297         5.46170             nan             nan             nan         HIDESF1 
        HD15779   2456639.10203        10.99052         3.52944         9.78185       171.93207         8.59824             nan             nan             nan         HIDESF1 
        HD15779   2456664.05773        -0.64394         2.82475         9.77539       174.65361         7.28013             nan             nan             nan         HIDESF1 
        HD15779   2456674.06730         8.55875         3.13317         9.73634       153.92821         7.23071             nan             nan             nan         HIDESF1 
        HD15779   2456679.02680        12.96630         3.20273         9.76324       178.45242         9.60208             nan             nan             nan         HIDESF1 
        HD15779   2456680.03724        19.16306         3.38776         9.79435       180.58115         8.46697             nan             nan             nan         HIDESF1 
        HD15779   2456908.23017       -10.09810         3.65117         9.70419       156.24988         5.82264             nan             nan             nan         HIDESF1 
        HD15779   2456947.17964       -23.05269         2.95937         9.69944       161.50166         3.87616             nan             nan             nan         HIDESF1 
        HD15779   2456965.22585       -17.91401         3.10923         9.71205       143.26990         6.12279             nan             nan             nan         HIDESF1 
        HD15779   2456974.14960       -17.74685         3.38695         9.35069       197.23921         7.12278         0.13259         0.02358         1.00000          HIDESS 
        HD15779   2456991.09963       -27.34277         2.92684         9.73507       156.50967         5.57744             nan             nan             nan         HIDESF1 
        HD15779   2457000.97876       -26.08434         3.00173         9.75760       144.68478         5.18023             nan             nan             nan         HIDESF1 
        HD15779   2457016.90863       -30.26171         3.28455         9.72030       137.45589         6.49635             nan             nan             nan         HIDESF1 
        HD15779   2457046.98937       -25.93031         5.16806         9.37859       214.46584        11.87489         0.02797         0.00940         1.00000          HIDESS 
        HD15779   2457050.00565       -31.51285         3.77977         9.39181       191.72854         9.50185         0.03877         0.01199         1.00000          HIDESS 
        HD15779   2457054.92270       -39.57555         5.04945         9.77544       178.93418        19.92699             nan             nan             nan         HIDESF1 
        HD15779   2457067.93265       -42.99964         2.44805         9.70226       150.26047         6.49310             nan             nan             nan         HIDESF1 
        HD15779   2457235.25407       -20.15039         3.28314         9.71611       157.46257         6.58195             nan             nan             nan         HIDESF1 
        HD15779   2457236.30102       -25.29337         3.24928         9.69988       158.95916         6.40956             nan             nan             nan         HIDESF1 
        HD15779   2457262.18943         4.69506         3.76513         9.68925       161.75172         9.19337             nan             nan             nan         HIDESF1 
        HD15779   2457284.27406         6.85131         3.04491         9.72019       148.19833         4.88352             nan             nan             nan         HIDESF1 
        HD15779   2457304.16529        10.75211         3.61704         9.72096       144.01364         7.44470             nan             nan             nan         HIDESF1 
        HD15779   2457319.21429        15.00582         3.13560         9.71401       152.07445         6.24065             nan             nan             nan         HIDESF1 
        HD15779   2457322.11555        -2.81730         2.85990         9.74000       148.83605         5.28363             nan             nan             nan         HIDESF1 
        HD15779   2457324.17940        36.89211         9.44649         9.79555       126.84900        24.56108             nan             nan             nan         HIDESF1 
        HD15779   2457332.06871        12.85239         2.71733         9.71938       162.01964         5.92314             nan             nan             nan         HIDESF1 
        HD15779   2457352.99174        29.11073         3.77636         9.70554       148.11939        11.93690             nan             nan             nan         HIDESF1 
        HD15779   2457361.11801        29.73780         3.34502         9.71759       157.33078         7.82983             nan             nan             nan         HIDESF1 
        HD15779   2457370.10029        30.00065         2.96626         9.70819       143.83612         4.69241             nan             nan             nan         HIDESF1 
        HD15779   2457378.07472        30.04584         2.73619         9.70323       155.61527         5.63693             nan             nan             nan         HIDESF1 
        HD15779   2457389.91049        39.88388         2.79885         9.76166       163.03265         7.45677             nan             nan             nan         HIDESF1 
        HD15779   2457392.05341        33.73014         2.53811         9.74420       163.53302         6.41142             nan             nan             nan         HIDESF1 
        HD15779   2457423.98248        37.03547         3.32892         9.68646       168.02367         9.46361             nan             nan             nan         HIDESF1 
        HD15779   2457425.89918        33.75225         2.39920         9.70971       153.49757         4.81170             nan             nan             nan         HIDESF1 
        HD15779   2457626.23577         0.88272         3.52760         9.66786       145.67671         5.64434             nan             nan             nan         HIDESF1 
        HD15779   2457729.08670       -21.68058         3.56197         9.71436       159.31182         8.08609             nan             nan             nan         HIDESF1 
        HD15779   2457756.01005       -26.80577         2.56670         9.70903       162.52593         6.70805             nan             nan             nan         HIDESF1 
        HD15779   2457763.01095       -32.71757         3.68778         9.67674       148.22735         5.57103             nan             nan             nan         HIDESF1 
        HD15779   2457795.89678       -47.72238         2.47565         9.73158       160.54675         5.11655             nan             nan             nan         HIDESF1 
        HD15779   2457986.25701        15.92203         4.21641         9.81339       143.84480         8.72904             nan             nan             nan         HIDESF1 
        HD15779   2457990.23616        18.46133         3.61139         9.72586       136.19833         5.88960             nan             nan             nan         HIDESF1 
        HD15779   2458083.15771        35.78374         4.41589         9.73273       163.26243        13.23016             nan             nan             nan         HIDESF1 
        HD15779   2458507.00269       -47.94229         4.30619        10.02734       149.39535         8.12157             nan             nan             nan         HIDESF2 
        HD15779   2458793.18148        10.61499         3.31554        10.00270       115.53596         5.58723             nan             nan             nan         HIDESF2 
        HD15779   2458794.09149        13.02977         3.36511         9.99498       112.08799         3.76741             nan             nan             nan         HIDESF2 
        HD15779   2458796.23632        14.34118         3.20089         9.97908       128.92265         8.33121             nan             nan             nan         HIDESF2 
        HD15779   2458797.17487         5.76788         3.21713         9.98010       123.19873         7.46905             nan             nan             nan         HIDESF2 
        HD15779   2458798.17990        18.84791         2.88456        10.00542       116.80025         5.05465             nan             nan             nan         HIDESF2 
        HD15779   2458800.13654        21.42068         4.35061        10.00990       142.14662         7.35249             nan             nan             nan         HIDESF2 
        HD15779   2458802.08034        20.44409         3.90290         9.98827       118.58014         5.78941             nan             nan             nan         HIDESF2 
        HD15779   2458805.19637        16.48247         5.34530        10.01427       115.45228         8.21181             nan             nan             nan         HIDESF2 
        HD15779   2458808.09810        19.12161         4.60909        10.02628       115.13343         8.40185             nan             nan             nan         HIDESF2 
        HD15779   2458825.12879        27.44476         4.21687         9.73318        67.34879         6.74348             nan             nan             nan         HIDESF2 
        HD15779   2459080.33269       -22.06697         4.63963         9.83680       131.98400         9.20134             nan             nan             nan         HIDESF2 
        HD15779   2459168.10470       -45.67914         3.47519         9.78608       126.80176         6.20779             nan             nan             nan         HIDESF2 
        HD15779   2459191.14809       -41.06128         4.44585         9.78205       133.18776        12.87901             nan             nan             nan         HIDESF2 
