       HD161178   2451987.33761        38.33476         4.28417             nan             nan             nan             nan             nan             nan          HIDESS 
       HD161178   2452016.20075        35.68529         7.17069             nan             nan             nan             nan             nan             nan          HIDESS 
       HD161178   2452018.21266        20.94280         2.86163             nan             nan             nan             nan             nan             nan          HIDESS 
       HD161178   2452036.15028        20.32659         4.71603             nan             nan             nan             nan             nan             nan          HIDESS 
       HD161178   2452041.27513         5.74114         2.86817             nan             nan             nan             nan             nan             nan          HIDESS 
       HD161178   2452043.13733         6.00613         2.97114             nan             nan             nan             nan             nan             nan          HIDESS 
       HD161178   2452111.03536         1.15670         3.71624             nan             nan             nan             nan             nan             nan          HIDESS 
       HD161178   2452124.04080       -25.12459         3.91463             nan             nan             nan             nan             nan             nan          HIDESS 
       HD161178   2452134.03710        -8.32954         3.89911             nan             nan             nan             nan             nan             nan          HIDESS 
       HD161178   2452143.99461       -16.93616         3.46575             nan             nan             nan             nan             nan             nan          HIDESS 
       HD161178   2452211.93819        30.58961         4.67922             nan             nan             nan             nan             nan             nan          HIDESS 
       HD161178   2452335.34376        -4.51306         3.69146             nan             nan             nan             nan             nan             nan          HIDESS 
       HD161178   2452350.25163       -31.28984        18.06945             nan             nan             nan             nan             nan             nan          HIDESS 
       HD161178   2452351.30193        -5.41646         2.54439             nan             nan             nan             nan             nan             nan          HIDESS 
       HD161178   2452361.29602        -9.75023         5.25233             nan             nan             nan             nan             nan             nan          HIDESS 
       HD161178   2452369.28477        -1.43850         3.34006             nan             nan             nan             nan             nan             nan          HIDESS 
       HD161178   2452383.23740         2.39697         8.97220             nan             nan             nan             nan             nan             nan          HIDESS 
       HD161178   2452408.10296        27.97482         4.18440             nan             nan             nan             nan             nan             nan          HIDESS 
       HD161178   2452415.22330         4.47578         4.88863             nan             nan             nan             nan             nan             nan          HIDESS 
       HD161178   2452477.19820        12.90174         3.31442             nan             nan             nan             nan             nan             nan          HIDESS 
       HD161178   2452488.07891        -6.95109         3.24176             nan             nan             nan             nan             nan             nan          HIDESS 
       HD161178   2452506.00917         9.74611         3.62099             nan             nan             nan             nan             nan             nan          HIDESS 
       HD161178   2452509.01929        20.30504         6.40641             nan             nan             nan             nan             nan             nan          HIDESS 
       HD161178   2452524.96631        17.10072         8.86486             nan             nan             nan             nan             nan             nan          HIDESS 
       HD161178   2452525.96790         8.71315         3.74726             nan             nan             nan             nan             nan             nan          HIDESS 
       HD161178   2452540.94431        13.86253         3.62863             nan             nan             nan             nan             nan             nan          HIDESS 
       HD161178   2452568.99017        -0.26251         3.75615             nan             nan             nan             nan             nan             nan          HIDESS 
       HD161178   2452591.93651         1.17652         3.86638             nan             nan             nan             nan             nan             nan          HIDESS 
       HD161178   2452639.36655       -27.28804         4.76754             nan             nan             nan             nan             nan             nan          HIDESS 
       HD161178   2452677.33987       -15.56167         4.19524             nan             nan             nan             nan             nan             nan          HIDESS 
       HD161178   2452689.34891        -6.26029         7.32375             nan             nan             nan             nan             nan             nan          HIDESS 
       HD161178   2452706.29114       -19.03033         7.27781             nan             nan             nan             nan             nan             nan          HIDESS 
       HD161178   2452709.34035       -20.22432         5.43437             nan             nan             nan             nan             nan             nan          HIDESS 
       HD161178   2452735.24769       -11.21833         5.37371             nan             nan             nan             nan             nan             nan          HIDESS 
       HD161178   2452896.98919        24.03305         4.44274             nan             nan             nan             nan             nan             nan          HIDESS 
       HD161178   2453077.30826         1.09288         3.33847             nan             nan             nan             nan             nan             nan          HIDESS 
       HD161178   2453501.20831         7.60575         4.89184             nan             nan             nan             nan             nan             nan          HIDESS 
       HD161178   2453815.15070        12.56857         4.83825             nan             nan             nan             nan             nan             nan          HIDESS 
       HD161178   2454021.90440        17.99130         5.65320             nan             nan             nan             nan             nan             nan          HIDESS 
       HD161178   2454313.07998        35.24887         3.55507             nan             nan             nan             nan             nan             nan          HIDESS 
       HD161178   2454561.33464        13.41437         3.30983         9.52157       138.39280         6.59051         0.11980         0.02592         1.00000          HIDESS 
       HD161178   2454932.14661        32.57331         3.16365         9.42045       150.00764         5.32524         0.09099         0.03128         1.00000          HIDESS 
       HD161178   2455347.23172       -11.10875         3.18049         9.44093       154.27073         6.74810         0.09967         0.02503         1.00000          HIDESS 
       HD161178   2455400.07167        15.49857         3.47913         9.42445       184.73273         7.46274         0.14827         0.03157         1.00000          HIDESS 
       HD161178   2455436.04121         2.93009         3.50589         9.42611       169.62154         5.14341         0.15617         0.02471         1.00000          HIDESS 
       HD161178   2455629.35554        15.96984         4.12035         9.39769       178.42791        11.84985             nan             nan             nan          HIDESS 
       HD161178   2455698.29045         5.52577         3.98980         9.73317       117.30701         9.78449             nan             nan             nan         HIDESF1 
       HD161178   2456034.25322       -22.77779         3.15882         9.43895       133.93329         7.24573         0.19014         0.06599         1.00000          HIDESS 
       HD161178   2456035.22762       -19.36456         3.81043         9.44728       160.85813         8.57840         0.07263         0.03134         1.00000          HIDESS 
       HD161178   2456036.32547       -16.34511         3.72258         9.43553       131.34472         5.73168             nan             nan             nan          HIDESS 
       HD161178   2456060.25923       -42.84216         4.15385         9.41545       168.45605        12.76596         0.04406         0.01827         1.00000          HIDESS 
       HD161178   2456061.13497       -37.49935         3.12009         9.47228       157.93999         8.33374         0.12522         0.04856         1.00000          HIDESS 
       HD161178   2456063.18100       -25.78003         5.91648         9.45574       160.67580        11.11512             nan             nan             nan          HIDESS 
       HD161178   2456064.18891       -14.93009         3.49290         9.49905       192.50641        12.49061         0.10747         0.05483         1.00000          HIDESS 
       HD161178   2456070.12387       -22.52298         2.71723         9.38589       152.77284         5.61041         0.18351         0.05659         1.00000          HIDESS 
       HD161178   2456082.13143        -7.49534         4.37958         9.39963       139.69168        16.34690         0.20753         0.09694         1.00000          HIDESS 
       HD161178   2456093.18839       -13.73436         3.01216         9.73604       131.70760         5.82891             nan             nan             nan         HIDESF1 
       HD161178   2456133.06679        36.10778         3.06216         9.74010       148.05774         5.09472             nan             nan             nan         HIDESF1 
       HD161178   2456134.05204        19.83486         3.28980         9.77075       154.85705         5.88664             nan             nan             nan         HIDESF1 
       HD161178   2456135.04897        28.53962         3.11760         9.78300       150.23821         4.26784             nan             nan             nan         HIDESF1 
       HD161178   2456138.06228        19.27649         3.09335         9.77177       156.81818         5.64772             nan             nan             nan         HIDESF1 
       HD161178   2456157.06646        38.17169         4.36237         9.45718       153.76015         7.58852         0.14854         0.03937         1.00000          HIDESS 
       HD161178   2456165.02781        52.64934         3.71007         9.79392       138.24047         5.75530             nan             nan             nan         HIDESF1 
       HD161178   2456214.92710        25.28675         3.72198         9.62257       172.61719         6.66526         0.13933         0.02806         1.00000          HIDESS 
       HD161178   2456297.35691       -44.85530         3.24548         9.43894       172.87569         6.42103         0.12758         0.05325         1.00000          HIDESS 
       HD161178   2456299.34827       -24.92793         2.82745         9.47441       152.01923         7.00826         0.14667         0.05030         1.00000          HIDESS 
       HD161178   2456414.29541       -15.25506         3.19532         9.42942       159.14693         7.53933         0.08526         0.02241         1.00000          HIDESS 
       HD161178   2456416.31136        -0.97234         4.30351             nan             nan             nan         0.05929         0.02949         1.00000          HIDESS 
       HD161178   2456417.23430        24.94459         3.05071         9.45435       160.13847         8.11008         0.15251         0.03601         1.00000          HIDESS 
       HD161178   2456444.13952        25.85069         2.99802         9.80307       171.40554         6.46766             nan             nan             nan         HIDESF1 
       HD161178   2456447.24529        32.09804         3.08358         9.43115       175.62107         6.33086         0.13806         0.03866         1.00000          HIDESS 
       HD161178   2456450.19510        31.63992         3.01430         9.37124       178.86165         8.92498         0.12296         0.03632         1.00000          HIDESS 
       HD161178   2456509.07870        15.02496         4.11136         9.40664       130.40701         5.84004         0.14089         0.06183         1.00000          HIDESS 
       HD161178   2456519.01442         5.72519         3.62988         9.82921       149.23504         7.84631             nan             nan             nan         HIDESF1 
       HD161178   2456552.94907       -13.93915         3.59578         9.81291       153.17769         5.44806             nan             nan             nan         HIDESF1 
       HD161178   2456553.95019        -8.20723         3.78513         9.77331       165.24504         7.46396             nan             nan             nan         HIDESF1 
       HD161178   2456578.89014       -28.84764         3.88687         9.39891       176.67465         7.92510         0.14005         0.04817         1.00000          HIDESS 
       HD161178   2456594.90223       -12.15430         3.52902         9.81141       166.16325         9.18262             nan             nan             nan         HIDESF1 
       HD161178   2456595.89721         1.70792         4.15171         9.78234       160.00120         7.29874             nan             nan             nan         HIDESF1 
       HD161178   2456673.38384        22.49154         3.19498         9.90574       168.07615         7.96840             nan             nan             nan         HIDESF1 
       HD161178   2456679.38211        -6.08830         3.11574         9.89418       182.40531        10.71728             nan             nan             nan         HIDESF1 
       HD161178   2456680.38791       -24.17508         2.68876         9.90619       177.45756         6.96108             nan             nan             nan         HIDESF1 
       HD161178   2456681.36009         5.16394         2.99381         9.91812       186.63392         9.15980             nan             nan             nan         HIDESF1 
       HD161178   2456697.36130        13.31523         3.40711         9.84215       156.65532         9.93594             nan             nan             nan         HIDESF1 
       HD161178   2456727.31090        34.99876         3.75056         9.82784       171.58795         8.38991             nan             nan             nan         HIDESF1 
       HD161178   2456731.29639        32.43183         3.57117         9.80652       168.75791         8.58101             nan             nan             nan         HIDESF1 
       HD161178   2456781.18519        15.08756         3.09000         9.82901       166.49415         6.42638             nan             nan             nan         HIDESF1 
       HD161178   2456786.17653        19.35186         3.21439         9.81587       174.78702         9.77499             nan             nan             nan         HIDESF1 
       HD161178   2456787.30102         4.82268         3.48371         9.74379       151.24630         9.52757             nan             nan             nan         HIDESF1 
       HD161178   2456799.28269        25.80325         3.36340         9.42718       153.90218         9.49359         0.17922         0.05278         1.00000          HIDESS 
       HD161178   2456800.28686        26.45074         3.18655         9.42888       173.71597         8.17449         0.08998         0.02957         1.00000          HIDESS 
       HD161178   2456817.13974       -12.39002         3.06606         9.43479       136.33220         4.85988         0.14564         0.04885         1.00000          HIDESS 
       HD161178   2456855.12026       -36.00777         8.71015         9.88409       141.51608        21.64705             nan             nan             nan         HIDESF1 
       HD161178   2456855.13822       -23.95900         3.02780         9.78520       190.37498         9.28765             nan             nan             nan         HIDESF1 
       HD161178   2456863.10910       -24.62037         3.96858         9.80625       174.15509         6.90625             nan             nan             nan         HIDESF1 
       HD161178   2456864.08330       -10.31662         3.45018         9.81485       165.77579         8.42772             nan             nan             nan         HIDESF1 
       HD161178   2456889.03671       -27.54963         6.74809         9.34073       148.11283        10.88786         0.10186         0.03365         1.00000          HIDESS 
       HD161178   2456891.03546       -32.57294         3.63221         9.31733       145.26156         6.50871         0.13044         0.05242         1.00000          HIDESS 
       HD161178   2456907.94041       -23.75875         3.65886         9.78960       162.71141         6.68508             nan             nan             nan         HIDESF1 
       HD161178   2456946.92650        11.70429         5.86283         9.85954       138.82842        12.84736             nan             nan             nan         HIDESF1 
       HD161178   2457027.38061        40.81915         3.07811         9.80691       152.76002         7.07062             nan             nan             nan         HIDESF1 
       HD161178   2457054.34559         3.47413         3.06232         9.79387       163.30669         7.50102             nan             nan             nan         HIDESF1 
       HD161178   2457057.38053         3.18354         2.53684         9.82560       140.84038         5.24445             nan             nan             nan         HIDESF1 
       HD161178   2457066.33005        17.95948         2.96503         9.79438       146.22993         5.75886             nan             nan             nan         HIDESF1 
       HD161178   2457067.26248        -4.36143         3.13781         9.83579       161.11683         9.57443             nan             nan             nan         HIDESF1 
       HD161178   2457092.33454       -33.30399         3.32864         9.81600       161.98233         7.85506             nan             nan             nan         HIDESF1 
       HD161178   2457107.32228       -12.32948         3.20573         9.80871       157.18240         5.74996             nan             nan             nan         HIDESF1 
       HD161178   2457124.33790       -18.27667         3.87369         9.86859       126.76442         3.92019             nan             nan             nan         HIDESF1 
       HD161178   2457130.31143       -22.77780         3.50891         9.83560       139.16642         6.16732             nan             nan             nan         HIDESF1 
       HD161178   2457134.26876       -33.87444         3.00289         9.52356       159.58640         5.40585         0.10761         0.02486         1.00000          HIDESS 
       HD161178   2457136.27711       -10.19975         3.37770         9.51076       167.42470         7.27014         0.12546         0.03323         1.00000          HIDESS 
       HD161178   2457169.17518        -4.83551         2.81809         9.86073       145.02421         7.19468             nan             nan             nan         HIDESF1 
       HD161178   2457171.25454       -20.97005         2.97803         9.86311       165.24287         8.48540             nan             nan             nan         HIDESF1 
       HD161178   2457174.20172        -9.46069         2.86665         9.91049       161.17859         7.13600             nan             nan             nan         HIDESF1 
       HD161178   2457234.07978         6.66238         3.78262         9.39399       138.38870         6.63307         0.10111         0.03680         1.00000          HIDESS 
       HD161178   2457236.10532        10.20827         2.83806         9.82877       146.78743         4.98745             nan             nan             nan         HIDESF1 
       HD161178   2457238.09637         8.73306         3.54106         9.84702       139.39176         6.70801             nan             nan             nan         HIDESF1 
       HD161178   2457261.95812        17.80725         3.65275         9.77221       161.83408         7.03482             nan             nan             nan         HIDESF1 
       HD161178   2457304.90120        20.75636         4.12431         9.81822       181.43970         9.40816             nan             nan             nan         HIDESF1 
       HD161178   2457318.89440         4.59019         3.85517         9.78437       155.94906         6.30328             nan             nan             nan         HIDESF1 
       HD161178   2457323.88732         8.52148         3.36030         9.80049       159.22870         6.17966             nan             nan             nan         HIDESF1 
       HD161178   2457326.88567         0.07224         3.81826         9.43088       152.07440         6.60540         0.10544         0.03021         1.00000          HIDESS 
       HD161178   2457378.32657       -34.94406         2.89801         9.83469       193.92815         8.93978             nan             nan             nan         HIDESF1 
       HD161178   2457403.38915       -15.05609         2.98548         9.82686       188.09934         7.87486             nan             nan             nan         HIDESF1 
       HD161178   2457420.38664       -20.01307         2.89160         9.47021       185.91700         7.12306         0.07738         0.02726         1.00000          HIDESS 
       HD161178   2457424.38302       -18.52398         3.75990         9.78579       154.76632         9.42948             nan             nan             nan         HIDESF1 
       HD161178   2457475.26509       -29.33457         2.89799         9.83687       141.57831         5.22862             nan             nan             nan         HIDESF1 
       HD161178   2457476.27284       -21.29421         3.46880         9.81110       150.69361         6.91543             nan             nan             nan         HIDESF1 
       HD161178   2457511.26576         7.04002         3.82916         9.43237       148.20005         8.45629         0.11705         0.03709         1.00000          HIDESS 
       HD161178   2457521.21288        -6.77719         3.32949         9.81091       161.75926         7.20935             nan             nan             nan         HIDESF1 
       HD161178   2457522.09381       -17.39508         5.28916         9.86256       140.91245         7.45648             nan             nan             nan         HIDESF1 
       HD161178   2457523.13245        -3.76568         3.07154         9.81473       162.41968         9.52499             nan             nan             nan         HIDESF1 
       HD161178   2457542.26768        14.03999         2.72254         9.80678       166.89467         7.36087             nan             nan             nan         HIDESF1 
       HD161178   2457545.11858        -0.34109         2.71004         9.79996       158.37720         4.65503             nan             nan             nan         HIDESF1 
       HD161178   2457591.08988         9.16885         3.75473         9.77178       179.30454        10.08085             nan             nan             nan         HIDESF1 
       HD161178   2457593.02376        -6.79001         3.20592         9.80886       161.50530         6.35456             nan             nan             nan         HIDESF1 
       HD161178   2457625.01160         7.34255         8.10106         9.98284       182.07641        17.62977             nan             nan             nan         HIDESF1 
       HD161178   2457626.02214        -2.23791         3.24594         9.83134       175.49943         4.56940             nan             nan             nan         HIDESF1 
       HD161178   2457663.96106        -3.34598         4.86451         9.82632       161.28059         7.30320             nan             nan             nan         HIDESF1 
       HD161178   2457675.90915        -5.22303         3.83850         9.77627       160.15971         5.24823             nan             nan             nan         HIDESF1 
       HD161178   2457688.90756       -17.65336         3.93079         9.89251       148.24710         9.89058             nan             nan             nan         HIDESF1 
       HD161178   2457760.30838        22.77745         2.79406         9.78909       157.62958         8.71619             nan             nan             nan         HIDESF1 
       HD161178   2457792.33136        -2.95163         2.57459         9.83484       168.92182         7.32845             nan             nan             nan         HIDESF1 
       HD161178   2457809.37769       -14.49396         3.57772         9.78055       153.53097         8.40863             nan             nan             nan         HIDESF1 
       HD161178   2457857.23678        -7.39045         3.97607         9.80395       174.24672         8.66206             nan             nan             nan         HIDESF1 
       HD161178   2457895.27134        16.21544         3.73207         9.81384       174.87512        10.87289             nan             nan             nan         HIDESF1 
       HD161178   2457905.13551         2.99219         3.81534         9.77519       169.41507        11.23956             nan             nan             nan         HIDESF1 
       HD161178   2457923.05776         0.40971         3.31632         9.78457       151.32641        10.00852             nan             nan             nan         HIDESF1 
       HD161178   2457948.02975        19.93564         3.11329         9.82915       146.69104         5.93620             nan             nan             nan         HIDESF1 
       HD161178   2457961.03831         9.33853         4.07245         9.92281       141.98385         9.25799             nan             nan             nan         HIDESF1 
       HD161178   2457985.99193         0.09026         4.20793         9.87159       166.16887         7.79421             nan             nan             nan         HIDESF1 
       HD161178   2458009.93487       -19.44448        15.34948             nan             nan             nan             nan             nan             nan         HIDESF1 
       HD161178   2458035.89316         6.89150         4.00338         9.82208       145.96131         5.56255             nan             nan             nan         HIDESF1 
       HD161178   2458108.39805       -32.61194         4.68054             nan             nan             nan             nan             nan             nan         HIDESF1 
