       HD163917   2452337.36400      -276.41826         3.88005             nan             nan             nan             nan             nan             nan          HIDESS 
       HD163917   2452487.10661       192.84213         4.26776             nan             nan             nan             nan             nan             nan          HIDESS 
       HD163917   2452507.08097       265.57179         3.81575             nan             nan             nan             nan             nan             nan          HIDESS 
       HD163917   2452541.95590       351.57153         5.29900             nan             nan             nan             nan             nan             nan          HIDESS 
       HD163917   2452541.95893       355.02321         3.48035             nan             nan             nan             nan             nan             nan          HIDESS 
       HD163917   2452736.30934       -95.75922         4.62314             nan             nan             nan             nan             nan             nan          HIDESS 
       HD163917   2452857.04208       -97.27956         5.08737             nan             nan             nan             nan             nan             nan          HIDESS 
       HD163917   2453100.27905       438.51915         3.57460             nan             nan             nan             nan             nan             nan          HIDESS 
       HD163917   2453499.18323        48.53861         4.55236             nan             nan             nan             nan             nan             nan          HIDESS 
       HD163917   2453636.02592       262.25005         5.99779             nan             nan             nan             nan             nan             nan          HIDESS 
       HD163917   2453963.95534      -310.61837         4.89745             nan             nan             nan             nan             nan             nan          HIDESS 
       HD163917   2454309.11844      -339.36010         4.74557             nan             nan             nan             nan             nan             nan          HIDESS 
       HD163917   2454338.99803      -409.85179         3.44253             nan             nan             nan             nan             nan             nan          HIDESS 
       HD163917   2454560.24181      -184.40640         3.34954        10.11871       149.57117         5.60786         0.12851         0.03928         1.00000          HIDESS 
       HD163917   2454588.27395       -97.61390         4.31105        10.15280       199.68477        11.04096         0.10728         0.02997         1.00000          HIDESS 
       HD163917   2454674.02849       101.13123         4.10040        10.05412       197.71670         3.55290         0.12772         0.01168         1.00000          HIDESS 
       HD163917   2454674.03083        99.55205         4.05391        10.05387       208.51481         5.64182         0.12601         0.01590         1.00000          HIDESS 
       HD163917   2454677.07262       103.21369         3.94424        10.09909       212.89424         5.66029         0.12251         0.01936         1.00000          HIDESS 
       HD163917   2454928.33256      -458.41928         3.38044        10.01535       204.30729         4.54474         0.11993         0.01628         1.00000          HIDESS 
       HD163917   2454952.30576      -429.34213         4.20016        10.03947       212.95204        12.32757         0.13886         0.04644         1.00000          HIDESS 
       HD163917   2454953.31472      -429.98446         3.58640        10.08816       214.68673         8.08517         0.07780         0.02466         1.00000          HIDESS 
       HD163917   2455132.92778         7.70175         5.96534        10.20544       219.81292        24.82722         0.18227         0.09641         1.00000          HIDESS 
       HD163917   2455267.33376        74.77534         3.30146        10.03808       149.21558         3.98994         0.13041         0.02363         1.00000          HIDESS 
       HD163917   2455296.33263       -26.35556         3.14852        10.05716       166.57765         4.34486         0.11665         0.01634         1.00000          HIDESS 
       HD163917   2455324.28988      -113.54796         3.63997        10.05820       183.03775         5.70479         0.12083         0.01906         1.00000          HIDESS 
       HD163917   2455347.15974      -188.31718         3.74502        10.05146       168.22265         5.98833         0.09961         0.01906         1.00000          HIDESS 
       HD163917   2455384.19345      -274.53898         4.25924        10.03880       198.28992         6.33586         0.11897         0.04014         1.00000          HIDESS 
       HD163917   2455398.05376      -289.00618         3.52604        10.01922       178.41251         2.99343         0.13676         0.01166         1.00000          HIDESS 
       HD163917   2455436.02937      -338.05314         3.48150        10.05583       217.46583         4.70714         0.11673         0.01781         1.00000          HIDESS 
       HD163917   2455467.92845      -322.12500         3.80270        10.06625       206.38196         6.02206         0.10876         0.01991         1.00000          HIDESS 
       HD163917   2455613.37935        -2.56873         2.96499        10.02630       146.00205         3.90039         0.12543         0.02113         1.00000          HIDESS 
       HD163917   2455656.34373       149.92102         3.06962        10.06138       179.76076         3.07509         0.12189         0.01385         1.00000          HIDESS 
       HD163917   2455657.34309       155.91342         3.38553        10.08058       195.89046         5.51062         0.13142         0.02336         1.00000          HIDESS 
       HD163917   2455690.21509       267.14414         5.61292        10.10440       195.53985        14.48998         0.55563         0.14799         0.00000          HIDESS 
       HD163917   2455712.16589       329.85473         3.61051        10.08743       177.64135         4.06816         0.12508         0.01334         1.00000          HIDESS 
       HD163917   2455763.07601       325.39428         3.59170        10.04075       178.91558         2.50812         0.12860         0.00969         1.00000          HIDESS 
       HD163917   2455766.08151       317.92423         3.65888        10.06133       201.73503         5.15764         0.10488         0.01877         1.00000          HIDESS 
       HD163917   2455770.07237       316.71821         4.22141        10.03987       209.54233         6.71203         0.11417         0.01971         1.00000          HIDESS 
       HD163917   2455784.95475       290.90217         3.74912        10.06550       170.95970         3.49936         0.12591         0.01308         1.00000          HIDESS 
       HD163917   2455787.00988       287.09406         3.41214        10.04055       200.35687         3.26442         0.13100         0.01130         1.00000          HIDESS 
       HD163917   2455788.00648       291.09070         3.68359        10.11389       208.79355         4.80927         0.13085         0.01503         1.00000          HIDESS 
       HD163917   2455804.93154       221.76582         3.86803        10.01216       190.24412         6.74087         0.12027         0.01547         1.00000          HIDESS 
       HD163917   2455804.94085       227.52669         3.69906        10.00064       200.58045         4.08675         0.12854         0.01146         1.00000          HIDESS 
       HD163917   2455809.97513       213.16610         3.75488        10.07788       200.14142         7.79808         0.09843         0.01892         1.00000          HIDESS 
       HD163917   2455846.91809        95.29432         4.68116         9.98314       226.21210        21.59728         0.23310         0.13266         1.00000          HIDESS 
       HD163917   2456061.12641       -65.74616         4.42040        10.00129       157.32992        12.52336         0.16295         0.10446         1.00000          HIDESS 
       HD163917   2456523.98016       -46.28653         3.12796        10.39682       168.43319         6.28777             nan             nan             nan         HIDESF1 
       HD163917   2456859.07572       274.09488         3.27968        10.38500       165.11816         6.98741             nan             nan             nan         HIDESF1 
       HD163917   2457135.23952      -314.93100         3.78986        10.06264       160.79484         6.35268         0.11342         0.03015         1.00000          HIDESS 
       HD163917   2457140.32927      -156.36831         4.72794        10.39209       181.99057        13.25264             nan             nan             nan         HIDESF1 
       HD163917   2457174.18929       -88.70175         3.56848        10.40009       174.85514         7.47225             nan             nan             nan         HIDESF1 
       HD163917   2457234.11880       -52.89516         3.53440        10.02368       219.84674         7.88355         0.09548         0.05519         1.00000          HIDESS 
       HD163917   2457318.94734       299.72721         4.73877        10.47845       128.61013        18.57363             nan             nan             nan         HIDESF1 
       HD163917   2457630.02986      -279.03968         3.13428        10.35549       175.63252         8.28340             nan             nan             nan         HIDESF1 
       HD163917   2457923.10568       131.45821         3.10862        10.39240       170.01162         4.87268             nan             nan             nan         HIDESF1 
       HD163917   2457956.04560       -12.08778         3.44645        10.46430       157.71997         6.95971             nan             nan             nan         HIDESF1 
       HD163917   2457990.00674      -105.55421         2.82758        10.39175       151.78557         5.76334             nan             nan             nan         HIDESF1 
       HD163917   2458519.39075        -9.44033         4.55119        10.46104       112.90939         5.35700             nan             nan             nan         HIDESF2 
       HD163917   2458556.35196       -94.79854         3.88292        10.67687       127.22754         6.07855             nan             nan             nan         HIDESF2 
       HD163917   2458580.26788      -149.53193         4.13664        10.66171       133.49267         6.42882             nan             nan             nan         HIDESF2 
       HD163917   2458652.13367      -154.57982         4.62759             nan             nan             nan             nan             nan             nan         HIDESF2 
       HD163917   2458690.00905      -127.67504         5.17458        10.72321       136.78411         9.52915             nan             nan             nan         HIDESF2 
       HD163917   2458950.32651       460.61347         3.87626        10.39635       133.24401         8.43639             nan             nan             nan         HIDESF2 
       HD163917   2459248.39116        84.76522         6.00954        10.60416       172.70244        23.12811             nan             nan             nan         HIDESF2 
