        HD16400   2452888.26630        57.52780         5.16963             nan             nan             nan             nan             nan             nan          HIDESS 
        HD16400   2452975.11863        57.57476         6.73143             nan             nan             nan             nan             nan             nan          HIDESS 
        HD16400   2453005.07452        44.88537         4.08938             nan             nan             nan             nan             nan             nan          HIDESS 
        HD16400   2453364.07651       -55.97008         4.17255             nan             nan             nan             nan             nan             nan          HIDESS 
        HD16400   2453403.98225       -73.35669         3.64397             nan             nan             nan             nan             nan             nan          HIDESS 
        HD16400   2453579.25671       -25.14645         4.39247             nan             nan             nan             nan             nan             nan          HIDESS 
        HD16400   2453599.32568       -16.47225         6.02470             nan             nan             nan             nan             nan             nan          HIDESS 
        HD16400   2453635.30243        -9.30909         4.49097             nan             nan             nan             nan             nan             nan          HIDESS 
        HD16400   2453659.25403         3.03961         3.88251             nan             nan             nan             nan             nan             nan          HIDESS 
        HD16400   2453693.16643        12.29460         3.61190             nan             nan             nan             nan             nan             nan          HIDESS 
        HD16400   2453727.06803        20.82867         5.10280             nan             nan             nan             nan             nan             nan          HIDESS 
        HD16400   2453743.03934        37.96737         3.10274             nan             nan             nan             nan             nan             nan          HIDESS 
        HD16400   2453774.94380        34.48739         4.16290             nan             nan             nan             nan             nan             nan          HIDESS 
        HD16400   2453811.91573        58.10476         5.82059             nan             nan             nan             nan             nan             nan          HIDESS 
        HD16400   2453938.30390        50.37057         4.85898             nan             nan             nan             nan             nan             nan          HIDESS 
        HD16400   2453963.28629        47.89115         3.31255             nan             nan             nan             nan             nan             nan          HIDESS 
        HD16400   2454018.16894        54.72548         3.66021             nan             nan             nan             nan             nan             nan          HIDESS 
        HD16400   2454051.14433        45.28418         3.92336             nan             nan             nan             nan             nan             nan          HIDESS 
        HD16400   2454089.09998        28.13181         3.61443             nan             nan             nan             nan             nan             nan          HIDESS 
        HD16400   2454127.97673        15.05305         3.87601             nan             nan             nan             nan             nan             nan          HIDESS 
        HD16400   2454142.99218        18.67527         3.43008             nan             nan             nan             nan             nan             nan          HIDESS 
        HD16400   2454147.97579        16.24249         4.83520             nan             nan             nan             nan             nan             nan          HIDESS 
        HD16400   2454170.93126         5.70970         6.28641             nan             nan             nan             nan             nan             nan          HIDESS 
        HD16400   2454171.91569         7.98947         4.87976             nan             nan             nan             nan             nan             nan          HIDESS 
        HD16400   2454305.27961       -45.63543         3.80269             nan             nan             nan             nan             nan             nan          HIDESS 
        HD16400   2454338.29203       -49.49836         3.88416             nan             nan             nan             nan             nan             nan          HIDESS 
        HD16400   2454349.26374       -57.74388         4.80264             nan             nan             nan             nan             nan             nan          HIDESS 
        HD16400   2454378.19764       -83.19671         4.10400             nan             nan             nan             nan             nan             nan          HIDESS 
        HD16400   2454416.04446       -67.36160         4.52854             nan             nan             nan             nan             nan             nan          HIDESS 
        HD16400   2454458.09295       -61.12486         3.75932         9.53219       218.71841        11.58413         0.14780         0.05161         1.00000          HIDESS 
        HD16400   2454467.05482       -48.84860         3.72166         9.60706       192.25179         7.36292         0.12132         0.03033         1.00000          HIDESS 
        HD16400   2454493.02142       -57.66698         3.88614         9.59733       237.11025        12.12293         0.23480         0.08353         1.00000          HIDESS 
        HD16400   2454526.91237       -24.86388         4.87007         9.62050       215.77189        13.33452         0.12348         0.06153         1.00000          HIDESS 
        HD16400   2454672.30219         8.06878         4.05021         9.48855       125.40521         6.32083         0.18965         0.05337         1.00000          HIDESS 
        HD16400   2454703.28976        -4.45639         3.61686         9.58792       202.94087         6.74190         0.12740         0.01902         1.00000          HIDESS 
        HD16400   2454756.21233        24.31935         4.73468         9.61436       206.84396         8.92322         0.10075         0.04535         1.00000          HIDESS 
        HD16400   2454796.18845        38.03909         3.79138         9.61921       223.57278         9.50354         0.02884         0.01078         1.00000          HIDESS 
        HD16400   2454818.06317        49.46870         4.09158         9.55525       210.93024         8.92181         0.17146         0.03645         1.00000          HIDESS 
        HD16400   2454857.00895        51.96869         3.67143         9.55655       224.52335         9.56834         0.10402         0.06444         1.00000          HIDESS 
        HD16400   2455131.17630        15.74195         3.65926         9.53721       206.71459         5.36310         0.12564         0.01768         1.00000          HIDESS 
        HD16400   2455183.07015        20.07293         3.77003         9.57025       186.63270         9.10996         0.05655         0.02095         1.00000          HIDESS 
        HD16400   2455401.29351       -52.89483         4.09896         9.46879       169.16130         4.26149         0.07098         0.03823         1.00000          HIDESS 
        HD16400   2455402.30074       -42.49743         3.62088         9.40625       144.78756         5.70965         0.06650         0.04947         1.00000          HIDESS 
        HD16400   2455474.16356       -54.80484         3.64008         9.53750       174.44268         5.32675         0.13067         0.01883         1.00000          HIDESS 
        HD16400   2455588.01371       -32.14321         3.53535         9.51550       208.24837         9.17719         0.23018         0.11257         1.00000          HIDESS 
        HD16400   2455943.94742        55.77179         3.09372         9.52662       199.19180         5.03552         0.33172         0.03077         1.00000          HIDESS 
        HD16400   2456286.06876       -42.21043         3.94965         9.53045       220.75052         9.31574         0.13281         0.03719         1.00000          HIDESS 
        HD16400   2456553.29851       -49.89431         3.42175         9.83487       153.02834         6.99234             nan             nan             nan         HIDESF1 
        HD16400   2456596.23381       -42.31724         2.97091         9.85097       148.25895         7.08129             nan             nan             nan         HIDESF1 
        HD16400   2456947.20705        52.45618         3.02484         9.87043       157.96277         5.89160             nan             nan             nan         HIDESF1 
        HD16400   2457004.06461        45.75557         3.40691         9.84224       151.54618         8.69414             nan             nan             nan         HIDESF1 
        HD16400   2457046.97680        76.34252         3.75685         9.48345       194.18214         7.29713         0.08323         0.02350         1.00000          HIDESS 
        HD16400   2457235.25795       -17.63087         3.32272         9.84504       151.95163         6.30272             nan             nan             nan         HIDESF1 
        HD16400   2457262.25808       -28.00178         4.62365         9.79843       152.99446        12.38045             nan             nan             nan         HIDESF1 
        HD16400   2457332.06311       -49.92373         2.56881         9.82950       170.66114         5.47689             nan             nan             nan         HIDESF1 
        HD16400   2457392.06366       -64.57918         3.38228         9.83916       156.46141        10.86745             nan             nan             nan         HIDESF1 
        HD16400   2457729.05310         7.71440         3.31847         9.83103       165.46230         8.41071             nan             nan             nan         HIDESF1 
        HD16400   2457753.09629        19.73896         2.97554         9.87685       170.35615         9.13990             nan             nan             nan         HIDESF1 
        HD16400   2457763.00582         9.46431         3.11675         9.86234       193.85392         9.33394             nan             nan             nan         HIDESF1 
        HD16400   2457986.26230        55.08957         5.29101         9.98974       178.14400        14.64445             nan             nan             nan         HIDESF1 
        HD16400   2457990.24122        42.61140         3.13904         9.88753       162.27967         5.77809             nan             nan             nan         HIDESF1 
        HD16400   2458086.08522        24.73164         3.17457         9.82491       160.07449         6.99854             nan             nan             nan         HIDESF1 
        HD16400   2458793.18772       -10.17033         2.85861        10.15923       136.48561         5.58275             nan             nan             nan         HIDESF2 
        HD16400   2458794.15028         7.66519         2.91198        10.14405       140.68965         5.45142             nan             nan             nan         HIDESF2 
        HD16400   2458796.11729        -6.36817         3.93181        10.15082       150.82907         7.41985             nan             nan             nan         HIDESF2 
        HD16400   2458797.23287        -2.55405         3.42971        10.07905       119.18127         7.66805             nan             nan             nan         HIDESF2 
        HD16400   2458798.15114         3.87725         3.42360        10.14650       124.14980         5.81621             nan             nan             nan         HIDESF2 
        HD16400   2458800.14158        -0.82934         3.94113        10.18713       135.12810         7.26449             nan             nan             nan         HIDESF2 
        HD16400   2458802.07518         4.65737         3.64662        10.12686       138.83757         6.06594             nan             nan             nan         HIDESF2 
        HD16400   2458808.07749        13.48524         4.33281        10.15860       131.68815         8.77879             nan             nan             nan         HIDESF2 
        HD16400   2458809.05386         1.53858         3.39115        10.14288       126.18638         6.34617             nan             nan             nan         HIDESF2 
        HD16400   2458811.19889        11.07939         4.20914        10.10613       129.45068         7.93895             nan             nan             nan         HIDESF2 
        HD16400   2458825.13739        15.94320         4.15584         9.88482       107.78031         6.33438             nan             nan             nan         HIDESF2 
        HD16400   2458826.10101        18.64954         3.55815         9.87109       121.21188         5.66428             nan             nan             nan         HIDESF2 
        HD16400   2459081.33096        -2.38443         4.32182         9.89776       136.19163        15.31549             nan             nan             nan         HIDESF2 
        HD16400   2459168.09968       -22.64200         3.51981         9.89700       119.17745         6.63822             nan             nan             nan         HIDESF2 
        HD16400   2459191.03521       -32.26586         3.77715         9.85730       105.68530         6.52446             nan             nan             nan         HIDESF2 
