       HD167042   2453077.32528       -44.95518         3.45101             nan             nan             nan             nan             nan             nan          HIDESS 
       HD167042   2453161.13695       -21.36207         4.05006             nan             nan             nan             nan             nan             nan          HIDESS 
       HD167042   2453285.02042        24.61318         2.85643             nan             nan             nan             nan             nan             nan          HIDESS 
       HD167042   2453405.37753       -20.89871         2.78949             nan             nan             nan             nan             nan             nan          HIDESS 
       HD167042   2453499.14206       -40.81643         4.42123             nan             nan             nan             nan             nan             nan          HIDESS 
       HD167042   2453608.09596        -2.22566         2.83118             nan             nan             nan             nan             nan             nan          HIDESS 
       HD167042   2453661.02352        22.74999         3.53274             nan             nan             nan             nan             nan             nan          HIDESS 
       HD167042   2453693.91156        23.49728         6.23171             nan             nan             nan             nan             nan             nan          HIDESS 
       HD167042   2453814.32088        -4.32333         3.21590             nan             nan             nan             nan             nan             nan          HIDESS 
       HD167042   2453853.23559       -23.39305         3.22591             nan             nan             nan             nan             nan             nan          HIDESS 
       HD167042   2453889.23726       -33.96238         7.06407             nan             nan             nan             nan             nan             nan          HIDESS 
       HD167042   2453890.18337       -39.21399         6.14361             nan             nan             nan             nan             nan             nan          HIDESS 
       HD167042   2453948.10494       -30.64836         3.53341             nan             nan             nan             nan             nan             nan          HIDESS 
       HD167042   2453962.17766       -24.71269         3.34219             nan             nan             nan             nan             nan             nan          HIDESS 
       HD167042   2454018.00425        -2.67578         3.09080             nan             nan             nan             nan             nan             nan          HIDESS 
       HD167042   2454051.94081         9.09445         2.63219             nan             nan             nan             nan             nan             nan          HIDESS 
       HD167042   2454126.36096        23.28675         3.47636             nan             nan             nan             nan             nan             nan          HIDESS 
       HD167042   2454146.32199        31.34828         4.33646             nan             nan             nan             nan             nan             nan          HIDESS 
       HD167042   2454171.24652        23.62611         4.01155             nan             nan             nan             nan             nan             nan          HIDESS 
       HD167042   2454195.27239        16.56239         3.41865             nan             nan             nan             nan             nan             nan          HIDESS 
       HD167042   2454216.21975         0.00012         3.35446             nan             nan             nan             nan             nan             nan          HIDESS 
       HD167042   2454254.16221        -9.44305         3.45663             nan             nan             nan             nan             nan             nan          HIDESS 
       HD167042   2454305.06174       -38.98236         3.49260             nan             nan             nan             nan             nan             nan          HIDESS 
       HD167042   2454338.07543       -34.14008         3.07285             nan             nan             nan             nan             nan             nan          HIDESS 
       HD167042   2454379.00684       -26.81176         2.93309             nan             nan             nan             nan             nan             nan          HIDESS 
       HD167042   2454417.88304       -11.23304         4.12631             nan             nan             nan             nan             nan             nan          HIDESS 
       HD167042   2454495.35780        27.90945         4.71630         8.91944       148.28659        13.29948         0.10212         0.03576         1.00000          HIDESS 
       HD167042   2454524.31093        27.47664         3.09074         8.85891        92.21232         5.74963         0.16656         0.03118         1.00000          HIDESS 
       HD167042   2454554.32760        26.67823         3.42776         8.93154       109.12153         6.17139         0.15850         0.02226         1.00000          HIDESS 
       HD167042   2454587.25286        28.49062         3.62673         8.90013       120.76117         8.40409         0.10225         0.02124         1.00000          HIDESS 
       HD167042   2454672.04962       -13.61726         3.42961         8.80982        97.97494         4.06419         0.18021         0.01681         1.00000          HIDESS 
       HD167042   2454703.07791       -16.03946         2.97799         8.84395       128.39802         4.70098         0.14543         0.01675         1.00000          HIDESS 
       HD167042   2454755.97430       -36.58508         3.21570         8.77015        73.54091         5.06880         0.13625         0.03294         1.00000          HIDESS 
       HD167042   2454928.20895        16.94089         2.87803         8.76338        94.07474         6.51714         0.14289         0.03333         1.00000          HIDESS 
       HD167042   2454953.19991        27.62278         2.89104         8.80316       102.91106         5.13308         0.12173         0.02109         1.00000          HIDESS 
       HD167042   2455131.93792       -21.32438         2.88204         8.73843       112.67049         4.23442         0.14441         0.02039         1.00000          HIDESS 
       HD167042   2455158.90434       -20.81068         3.42173         8.82814        78.03146         5.52299         0.13264         0.03380         1.00000          HIDESS 
       HD167042   2455349.21044        25.79198         3.77920         8.77895       116.47969         4.89461         0.15098         0.01852         1.00000          HIDESS 
       HD167042   2455470.90336        10.68343         2.78908         8.76939       129.09881         3.83327         0.15661         0.01366         1.00000          HIDESS 
       HD167042   2455665.19685       -14.67849         2.92109         8.73176       100.36982         5.10785         0.15022         0.02628         1.00000          HIDESS 
       HD167042   2455852.91854        21.44166         2.61625         8.72702       105.06886         3.61603         0.15387         0.01495         1.00000          HIDESS 
       HD167042   2455877.87011        18.64794         2.84141         8.76976       122.76755         4.06150         0.15250         0.01528         1.00000          HIDESS 
       HD167042   2456142.10521        11.56130         3.09024         8.74322       112.04745         4.27082         0.14770         0.01641         1.00000          HIDESS 
       HD167042   2456160.98488        29.51325         2.96373         8.79379       115.78614         4.68473         0.15386         0.01690         1.00000          HIDESS 
       HD167042   2456534.07512        -0.87811         3.46929         9.18969        93.45762         6.82186             nan             nan             nan         HIDESF1 
       HD167042   2456627.88852        23.54166         3.06674         9.25007       102.27737         7.45968             nan             nan             nan         HIDESF1 
       HD167042   2457134.28580         7.15871         2.67786         8.84956       116.65575         4.63416         0.14658         0.01819         1.00000          HIDESS 
       HD167042   2457172.19915        -6.95588         4.54324         9.18287        71.11780         5.48305             nan             nan             nan         HIDESF1 
       HD167042   2457234.09360       -30.27611         3.46029         8.74017       103.47897         4.67851         0.14487         0.01861         1.00000          HIDESS 
       HD167042   2457236.18253       -29.78905         2.83804         9.18336        76.59332         3.42763             nan             nan             nan         HIDESF1 
       HD167042   2457323.94430       -11.50438         3.16126         9.19836        99.42693         5.97185             nan             nan             nan         HIDESF1 
       HD167042   2457507.31169        22.98527         3.93858         9.17726       102.06411         4.56768             nan             nan             nan         HIDESF1 
       HD167042   2457512.23158        34.28175         4.51556         8.78068        98.21943         5.51125         0.10779         0.02575         1.00000          HIDESS 
       HD167042   2457513.26092        36.06658         2.62895         8.78937        97.54055         3.79297         0.14449         0.01560         1.00000          HIDESS 
       HD167042   2457627.99730       -22.65958         9.96441         9.26371        59.39820        12.57876             nan             nan             nan         HIDESF1 
       HD167042   2457958.01753         5.75534         5.54166         9.24348       101.57210         9.43508             nan             nan             nan         HIDESF1 
       HD167042   2457990.02241         8.69991         2.89934         9.20696        98.47457         3.85124             nan             nan             nan         HIDESF1 
       HD167042   2458487.37416       -28.25018         4.32829         9.48619        67.92826         4.59417             nan             nan             nan         HIDESF2 
       HD167042   2458516.39175       -23.43510         4.50735         9.44201        83.60877         4.76778             nan             nan             nan         HIDESF2 
       HD167042   2458586.33407       -19.99803         4.88533         9.53895        64.92089         5.17833             nan             nan             nan         HIDESF2 
       HD167042   2458611.30848       -12.59742         4.51334         9.47245        93.78466         5.33337             nan             nan             nan         HIDESF2 
       HD167042   2458717.14352        39.39739         4.35044         9.45934        55.77878         8.26125             nan             nan             nan         HIDESF2 
       HD167042   2458764.94252        20.36397         4.68100         9.49759        49.01821         7.72153             nan             nan             nan         HIDESF2 
       HD167042   2458766.02699        15.97809         3.22501         9.46482        86.41821         5.96749             nan             nan             nan         HIDESF2 
       HD167042   2458766.94405        25.22683         5.00561         9.44236        92.67114         7.11647             nan             nan             nan         HIDESF2 
       HD167042   2458771.93926        24.34666         6.49093         9.46043        69.11114        11.77090             nan             nan             nan         HIDESF2 
       HD167042   2458793.94226        12.59040         2.66010         9.49604        49.63989         3.22735             nan             nan             nan         HIDESF2 
       HD167042   2458794.97225         5.51505         3.12527         9.48941        65.86508         4.99638             nan             nan             nan         HIDESF2 
       HD167042   2458795.96441         4.92702         4.05893         9.51905        34.01965         5.41334             nan             nan             nan         HIDESF2 
       HD167042   2458796.97305        19.20752         3.21520         9.48045        63.97645         6.01901             nan             nan             nan         HIDESF2 
       HD167042   2458807.91600        -1.35525         4.00132         9.48734        77.44929         7.23365             nan             nan             nan         HIDESF2 
       HD167042   2458808.93658         4.13387         3.08921         9.50576        49.89530         4.52253             nan             nan             nan         HIDESF2 
       HD167042   2458810.92993         5.24542         5.41431         9.46551        66.90895        11.15061             nan             nan             nan         HIDESF2 
       HD167042   2458825.87581        -7.07931         3.01197         9.25007        53.61791         5.42898             nan             nan             nan         HIDESF2 
       HD167042   2458826.88750       -20.49635         3.61409         9.29355        54.79254         4.63686             nan             nan             nan         HIDESF2 
       HD167042   2458828.88647        -5.06344         4.19522         9.24658        54.62869         8.13132             nan             nan             nan         HIDESF2 
       HD167042   2458900.32284       -15.45704         4.15843         9.31263        39.98929         4.35487             nan             nan             nan         HIDESF2 
       HD167042   2458929.25786       -26.85197         5.34162         9.20398        51.87774         7.76445             nan             nan             nan         HIDESF2 
       HD167042   2459192.86975        14.81515         3.91465         9.25490        40.35702         4.44477             nan             nan             nan         HIDESF2 
