       HD167768   2453078.32601         2.38865         7.39035             nan             nan             nan             nan             nan             nan          HIDESS 
       HD167768   2453161.26399        47.99941         8.03717             nan             nan             nan             nan             nan             nan          HIDESS 
       HD167768   2453284.99407        12.23185         7.42293             nan             nan             nan             nan             nan             nan          HIDESS 
       HD167768   2453495.22449        92.72069         8.92885             nan             nan             nan             nan             nan             nan          HIDESS 
       HD167768   2453522.15122       -13.02972         7.70633             nan             nan             nan             nan             nan             nan          HIDESS 
       HD167768   2453579.06312        20.75172         9.33821             nan             nan             nan             nan             nan             nan          HIDESS 
       HD167768   2453607.06024       -41.68859         9.32924             nan             nan             nan             nan             nan             nan          HIDESS 
       HD167768   2453612.06236        12.08708        11.67686             nan             nan             nan             nan             nan             nan          HIDESS 
       HD167768   2453615.09679        57.91492        11.25325             nan             nan             nan             nan             nan             nan          HIDESS 
       HD167768   2453655.92896       -82.63843         8.36454             nan             nan             nan             nan             nan             nan          HIDESS 
       HD167768   2453693.88311        -6.51320        15.11216             nan             nan             nan             nan             nan             nan          HIDESS 
       HD167768   2453694.86297       -17.61874        17.07949             nan             nan             nan             nan             nan             nan          HIDESS 
       HD167768   2453695.86781        24.49479         8.21211             nan             nan             nan             nan             nan             nan          HIDESS 
       HD167768   2453805.31616        92.63179         9.09947             nan             nan             nan             nan             nan             nan          HIDESS 
       HD167768   2453814.34508       -69.74266         7.02220             nan             nan             nan             nan             nan             nan          HIDESS 
       HD167768   2453825.34082        71.06694         9.36216             nan             nan             nan             nan             nan             nan          HIDESS 
       HD167768   2453831.31753       -60.43093         7.50563             nan             nan             nan             nan             nan             nan          HIDESS 
       HD167768   2453832.30201       -66.14990        16.86918             nan             nan             nan             nan             nan             nan          HIDESS 
       HD167768   2453887.26060        84.59462        11.33804             nan             nan             nan             nan             nan             nan          HIDESS 
       HD167768   2453962.12591       -43.70941        10.08534             nan             nan             nan             nan             nan             nan          HIDESS 
       HD167768   2454150.32846       -97.78269        12.39667             nan             nan             nan             nan             nan             nan          HIDESS 
       HD167768   2454418.87369       -24.90295         7.22859             nan             nan             nan             nan             nan             nan          HIDESS 
       HD167768   2454590.26524        -6.50772         8.33602        11.52941       283.75970        29.72168         0.14920         0.02475         1.00000          HIDESS 
       HD167768   2454953.25987         8.89796         7.09503        11.41748       101.57538        15.29860         0.13326         0.01999         1.00000          HIDESS 
       HD167768   2455135.89376       -62.99617         7.26386        11.34919       180.61828        24.31606         0.10323         0.05800         1.00000          HIDESS 
       HD167768   2455349.14887       -13.89748         7.10164        11.21687       171.24706        20.48877         0.10133         0.01792         1.00000          HIDESS 
       HD167768   2455503.90962        37.06792         8.59323        11.30518       190.08875        39.18399         0.31338         0.18311         1.00000          HIDESS 
       HD167768   2455787.01911       -22.33791         6.48092        11.27906       227.47985        15.60649         0.12388         0.01893         1.00000          HIDESS 
       HD167768   2456141.05398        62.95572         7.65267        11.37586       178.00219        10.94933         0.12924         0.01739         1.00000          HIDESS 
       HD167768   2456417.27661      -133.47888         7.42682        11.21222       108.41419        15.49037         0.12173         0.01934         1.00000          HIDESS 
       HD167768   2456516.14053         5.93974         7.85420        11.71104       102.50782        21.63175             nan             nan             nan         HIDESF1 
       HD167768   2456517.01805       -36.75207         6.12167        11.72646       182.14934        27.64436             nan             nan             nan         HIDESF1 
       HD167768   2456520.01259       -72.72725         5.69878        11.76863       113.99102        24.43920             nan             nan             nan         HIDESF1 
       HD167768   2456534.05927         6.65769         6.76336        11.57654       144.77187        23.69487             nan             nan             nan         HIDESF1 
       HD167768   2456552.95788       151.68802         5.71689        11.66957       123.00112        13.77126             nan             nan             nan         HIDESF1 
       HD167768   2456553.98663       132.57588         6.03042        11.65737       168.57419        13.59157             nan             nan             nan         HIDESF1 
       HD167768   2456579.96487        23.66234         9.11319        11.17564       122.46294        32.50648         0.35457         0.13206         1.00000          HIDESS 
       HD167768   2456594.91350        80.15416         5.85273        11.73827       127.62783        14.99620             nan             nan             nan         HIDESF1 
       HD167768   2456595.88627        62.10602         5.61771        11.75907       175.17137        13.75290             nan             nan             nan         HIDESF1 
       HD167768   2456609.88700       -60.41376         6.02230        11.69903       106.17294        17.88072             nan             nan             nan         HIDESF1 
       HD167768   2456731.36376      -128.69309         6.55789        11.45401       149.55402        17.84842             nan             nan             nan         HIDESF1 
       HD167768   2456735.31098       -68.49146         9.18571        11.63776       172.83395        52.22698             nan             nan             nan         HIDESF1 
       HD167768   2456737.30122       -10.72170         6.54917        11.61424       144.16751        18.24041             nan             nan             nan         HIDESF1 
       HD167768   2456786.16176       -49.00314         6.94556        11.69434       140.12290        18.16856             nan             nan             nan         HIDESF1 
       HD167768   2456799.27119        88.69239         8.09602        11.23653       161.01518        21.83010         0.11368         0.02646         1.00000          HIDESS 
       HD167768   2456856.08916         0.97405         7.14308        11.61745        51.78072         8.10961             nan             nan             nan         HIDESF1 
       HD167768   2456861.10945        60.24817         9.19232        11.69025       186.06220        24.19993             nan             nan             nan         HIDESF1 
       HD167768   2456863.12845        82.21951        11.50254        11.63486       199.28913        23.80410             nan             nan             nan         HIDESF1 
       HD167768   2456891.11824       -85.32550         8.27863        11.50203        92.56249         7.85789         0.17047         0.11260         1.00000          HIDESS 
       HD167768   2456908.00315       -29.74445         5.78209        11.62412       115.29443        11.92479             nan             nan             nan         HIDESF1 
       HD167768   2456971.90661        -0.37950         8.73984        11.29166       200.05760        32.64947         0.08002         0.06808         1.00000          HIDESS 
       HD167768   2456973.89407       -20.79451         9.32630        11.45025       169.07396        22.08765         0.18739         0.10351         1.00000          HIDESS 
       HD167768   2457135.25137        55.22746         6.91450        11.45391       114.38632        15.16169         0.10546         0.02826         1.00000          HIDESS 
       HD167768   2457140.31215       -73.13290         7.22716        11.57242       151.56510        20.49143             nan             nan             nan         HIDESF1 
       HD167768   2457169.27991        30.86178         6.15052        11.55246       112.14265        14.04969             nan             nan             nan         HIDESF1 
       HD167768   2457172.16060        42.80554         7.69619        11.55575       122.38217        17.65749             nan             nan             nan         HIDESF1 
       HD167768   2457234.12812        43.80308         8.86011        11.25704       214.23258        20.39762         0.39313         0.09969         1.00000          HIDESS 
       HD167768   2457236.17471        54.16906         6.21684        11.59082       153.11815        16.13068             nan             nan             nan         HIDESF1 
       HD167768   2457238.11846        48.93675         6.07839        11.64242       164.45615        12.31746             nan             nan             nan         HIDESF1 
       HD167768   2457261.97268        -4.91828         6.39722        11.70084       156.22910        17.76200             nan             nan             nan         HIDESF1 
       HD167768   2457284.02089       -77.61511         5.73931        11.64185        91.03480        15.07784             nan             nan             nan         HIDESF1 
       HD167768   2457318.94079        58.01655         6.35791        11.52228       166.68761        19.83251             nan             nan             nan         HIDESF1 
       HD167768   2457328.89402        -0.67398         6.90781        11.27673       118.28761        22.85091         0.10372         0.04721         1.00000          HIDESS 
       HD167768   2457330.92791         8.74168         6.54568        11.61999        92.95658        15.89883             nan             nan             nan         HIDESF1 
       HD167768   2457455.35878       -44.14926         5.68307        11.56187       107.49154        10.68799             nan             nan             nan         HIDESF1 
       HD167768   2457476.30510      -114.04143         6.74576        11.54415       198.42701        28.99829             nan             nan             nan         HIDESF1 
       HD167768   2457521.25735         1.36131         5.56675        11.54761       146.03732        19.32403             nan             nan             nan         HIDESF1 
       HD167768   2457523.24021        69.50894         8.64776        11.59336       101.64961        19.39724             nan             nan             nan         HIDESF1 
       HD167768   2457592.07907       -35.30519         5.46115        11.76212        98.57593        12.28323             nan             nan             nan         HIDESF1 
       HD167768   2457630.03764        70.66448         6.16718        11.67379       146.06355         9.85910             nan             nan             nan         HIDESF1 
       HD167768   2457675.95635      -106.16331         5.42286        11.72624       157.37534        16.24011             nan             nan             nan         HIDESF1 
       HD167768   2457909.19670        42.70276         6.88529        11.52565        96.43494         8.67875             nan             nan             nan         HIDESF1 
       HD167768   2457950.19186       -51.31152         7.64724        11.52657        45.37587         5.91067             nan             nan             nan         HIDESF1 
       HD167768   2457985.05990       -26.02654         5.65122        11.54350        93.48514        14.40940             nan             nan             nan         HIDESF1 
