       HD173416   2453519.23657         5.40480         7.34681             nan             nan             nan             nan             nan             nan          HIDESS 
       HD173416   2453600.10861        16.76341         8.10482             nan             nan             nan             nan             nan             nan          HIDESS 
       HD173416   2453601.18930        22.78215         4.65123             nan             nan             nan             nan             nan             nan          HIDESS 
       HD173416   2453615.18999        -8.01314         5.06998             nan             nan             nan             nan             nan             nan          HIDESS 
       HD173416   2453867.25156        50.19077         7.21196             nan             nan             nan             nan             nan             nan          HIDESS 
       HD173416   2454041.03197       -41.80000        24.90000             nan             nan             nan             nan             nan             nan            CESO 
       HD173416   2454045.98188       -35.05946         4.05900             nan             nan             nan             nan             nan             nan          HIDESS 
       HD173416   2454089.88654       -41.37793         4.68816             nan             nan             nan             nan             nan             nan          HIDESS 
       HD173416   2454125.36149        -9.88862         4.76880             nan             nan             nan             nan             nan             nan          HIDESS 
       HD173416   2454143.33253        27.12496         3.69980             nan             nan             nan             nan             nan             nan          HIDESS 
       HD173416   2454173.30498        53.76360         3.46740             nan             nan             nan             nan             nan             nan          HIDESS 
       HD173416   2454194.31615        81.80000        23.70000             nan             nan             nan             nan             nan             nan            CESO 
       HD173416   2454216.26607        45.72963         3.42418             nan             nan             nan             nan             nan             nan          HIDESS 
       HD173416   2454226.25341        47.80000        18.80000             nan             nan             nan             nan             nan             nan            CESO 
       HD173416   2454226.27511        11.60000        22.30000             nan             nan             nan             nan             nan             nan            CESO 
       HD173416   2454256.24693         6.10000        30.30000             nan             nan             nan             nan             nan             nan            CESO 
       HD173416   2454257.24335         4.13917         3.84791             nan             nan             nan             nan             nan             nan          HIDESS 
       HD173416   2454259.24803        10.80066         4.96494             nan             nan             nan             nan             nan             nan          HIDESS 
       HD173416   2454305.09818        -9.84738         3.45275             nan             nan             nan             nan             nan             nan          HIDESS 
       HD173416   2454315.11740        13.80000        22.60000             nan             nan             nan             nan             nan             nan            CESO 
       HD173416   2454337.05830         9.50000        30.60000             nan             nan             nan             nan             nan             nan            CESO 
       HD173416   2454338.10736       -31.80256         3.82622             nan             nan             nan             nan             nan             nan          HIDESS 
       HD173416   2454340.05949       -56.30000        24.30000             nan             nan             nan             nan             nan             nan            CESO 
       HD173416   2454365.99107       -57.70000        25.70000             nan             nan             nan             nan             nan             nan            CESO 
       HD173416   2454366.01337       -55.30000        31.00000             nan             nan             nan             nan             nan             nan            CESO 
       HD173416   2454366.97872       -75.90000        27.60000             nan             nan             nan             nan             nan             nan            CESO 
       HD173416   2454367.98517       -63.00000        27.10000             nan             nan             nan             nan             nan             nan            CESO 
       HD173416   2454368.00147       -32.10000        21.50000             nan             nan             nan             nan             nan             nan            CESO 
       HD173416   2454379.07280       -60.43677         3.58367             nan             nan             nan             nan             nan             nan          HIDESS 
       HD173416   2454397.96557       -81.90000        20.90000             nan             nan             nan             nan             nan             nan            CESO 
       HD173416   2454397.97647       -51.00000        22.00000             nan             nan             nan             nan             nan             nan            CESO 
       HD173416   2454398.95292       -48.70000        23.00000             nan             nan             nan             nan             nan             nan            CESO 
       HD173416   2454398.96402      -100.00000        24.50000             nan             nan             nan             nan             nan             nan            CESO 
       HD173416   2454415.91296       -30.04438         7.38150             nan             nan             nan             nan             nan             nan          HIDESS 
       HD173416   2454423.94854       -37.79623         3.32967             nan             nan             nan             nan             nan             nan          HIDESS 
       HD173416   2454456.95817        25.10000        30.50000             nan             nan             nan             nan             nan             nan            CESO 
       HD173416   2454460.87258        -5.21704         4.08153         9.61078       164.90097        10.65835         0.26302         0.12528         1.00000          HIDESS 
       HD173416   2454497.33351        15.09245         3.74382         9.64449       155.32164         7.72205         0.12190         0.03766         1.00000          HIDESS 
       HD173416   2454524.33109        49.44895         3.80127         9.61090       144.38070         7.69536         0.14627         0.03399         1.00000          HIDESS 
       HD173416   2454554.31083        17.25718         4.11601         9.61633       175.10819         8.25599         0.17378         0.02991         1.00000          HIDESS 
       HD173416   2454558.30075        16.79045         3.38059         9.56259       180.49364         6.74934         0.18859         0.02777         1.00000          HIDESS 
       HD173416   2454589.26348        -3.56776         3.19250         9.55584       208.36701         6.57279         0.15837         0.01913         1.00000          HIDESS 
       HD173416   2454623.12253        -7.07040         4.09016         9.46596       193.54508        11.01730         0.20205         0.04456         1.00000          HIDESS 
       HD173416   2454669.07047       -42.40000        32.50000             nan             nan             nan             nan             nan             nan            CESO 
       HD173416   2454669.09317       -31.70000        35.00000             nan             nan             nan             nan             nan             nan            CESO 
       HD173416   2454672.09825       -59.83727         3.40040         9.57282       186.52783         4.71987         0.14724         0.01400         1.00000          HIDESS 
       HD173416   2454677.01779       -49.29296         3.28484         9.59195       209.89604         4.91230         0.15862         0.01445         1.00000          HIDESS 
       HD173416   2454703.06075       -62.97714         3.23496         9.57549       206.41783         6.35758         0.15443         0.01895         1.00000          HIDESS 
       HD173416   2454722.02270       -17.50000        28.30000             nan             nan             nan             nan             nan             nan            CESO 
       HD173416   2454725.04656       -47.90000        25.40000             nan             nan             nan             nan             nan             nan            CESO 
       HD173416   2454755.00466       -30.81378         2.91315         9.56808       195.74055         6.10067         0.15480         0.02093         1.00000          HIDESS 
       HD173416   2454796.90971        27.55027         3.14497         9.48721       185.78309         6.09285         0.43932         0.05461         1.00000          HIDESS 
       HD173416   2454820.87444        39.55829         4.02200         9.51514       194.67416         9.94373         0.05935         0.02919         1.00000          HIDESS 
       HD173416   2454928.32184        22.30580         2.74862         9.45751       188.68371         6.11127         0.15605         0.02093         1.00000          HIDESS 
       HD173416   2454951.16968        25.09239         3.17112         9.51197       172.40235         8.06175         0.13096         0.04273         1.00000          HIDESS 
       HD173416   2455131.97664        34.14139         3.20397         9.48067       178.72478         6.40274         0.12693         0.02343         1.00000          HIDESS 
       HD173416   2455158.91739        46.97398         3.29991         9.49404       192.60866         6.21959         0.18091         0.03365         1.00000          HIDESS 
       HD173416   2455399.07746        -1.53240         3.03539         9.44440       209.57762         4.00253         0.15815         0.01206         1.00000          HIDESS 
       HD173416   2455661.25649       -20.76088         3.63345         9.51823       190.76882         8.26753         0.11266         0.02504         1.00000          HIDESS 
       HD173416   2455665.24700       -17.97810         3.03244         9.37893       152.03584         6.19658         0.11866         0.02482         1.00000          HIDESS 
       HD173416   2455877.88716        31.76406         4.09743         9.48874       190.87061         9.43978         0.15724         0.02878         1.00000          HIDESS 
       HD173416   2456142.08763       -25.35863         3.33338         9.51559       206.67120         5.58706         0.15254         0.01567         1.00000          HIDESS 
       HD173416   2456161.05193         2.11049         3.25832         9.47245       209.57465         5.05976         0.14620         0.01512         1.00000          HIDESS 
       HD173416   2456580.01365       -16.17305         3.90928         9.46190       208.19854        10.41722         0.12557         0.03257         1.00000          HIDESS 
       HD173416   2457007.87422        28.01990         3.09172         9.79163       143.61225         7.01408             nan             nan             nan         HIDESF1 
       HD173416   2457238.03802       -16.65413         2.39021         9.90388       183.62793         7.28564             nan             nan             nan         HIDESF1 
       HD173416   2457238.16979        -8.98305         2.76490         9.87094       169.39268         7.84943             nan             nan             nan         HIDESF1 
       HD173416   2457238.22859        -1.55997         2.99920         9.86590       189.35412        11.24965             nan             nan             nan         HIDESF1 
       HD173416   2457476.27890         0.39967         3.12414         9.83192       160.19304         6.82388             nan             nan             nan         HIDESF1 
       HD173416   2457593.05003         0.30294         2.81186         9.84126       161.90916         5.58246             nan             nan             nan         HIDESF1 
       HD173416   2457628.15353        -8.39534         3.40092         9.85343       168.11815         8.61174             nan             nan             nan         HIDESF1 
       HD173416   2457690.96996       -16.21268         3.76048        10.13434       157.00018         8.45703             nan             nan             nan         HIDESF1 
       HD173416   2457949.00272        10.91600         3.64724         9.83802       159.69173         7.45890             nan             nan             nan         HIDESF1 
       HD173416   2457986.00190        15.87523         3.01466         9.88362       156.29182         6.01910             nan             nan             nan         HIDESF1 
       HD173416   2458578.20172       -10.39936         5.51245        10.15424       150.45994        10.08512             nan             nan             nan         HIDESF2 
       HD173416   2458605.31418        -9.00209         4.54874        10.26863       167.89133         7.12497             nan             nan             nan         HIDESF2 
       HD173416   2458681.23921        -4.71498         9.75158        10.19077       175.69349        19.52913             nan             nan             nan         HIDESF2 
       HD173416   2458751.03475        -2.03104         4.85571        10.19671       124.63071         7.31669             nan             nan             nan         HIDESF2 
       HD173416   2458794.96367         8.65053         5.22587        10.20303       151.22746         7.36488             nan             nan             nan         HIDESF2 
       HD173416   2458827.88189        -0.30503         7.69415         9.83333       211.51347        18.92712             nan             nan             nan         HIDESF2 
       HD173416   2458828.87696       -12.41068         4.79634         9.85507       124.22393         7.61482             nan             nan             nan         HIDESF2 
       HD173416   2459075.16285        18.82602         4.72872         9.93167       121.24503         7.16003             nan             nan             nan         HIDESF2 
       HD173416   2459183.91343       -34.03616         5.52131         9.97315       141.92542        12.93191             nan             nan             nan         HIDESF2 
       HD173416   2459191.91107         2.66327         5.45610         9.93954       152.22366        15.27646             nan             nan             nan         HIDESF2 
       HD173416   2459277.31730        -9.20118         7.30739         9.87608       150.30915        11.98805             nan             nan             nan         HIDESF2 
       HD173416   2459325.33293        28.84703         4.70769         9.81076       130.32422         9.25853             nan             nan             nan         HIDESF2 
       HD173416   2459368.22354        25.27120         5.83781         9.87240       108.14786        12.18462             nan             nan             nan         HIDESF2 
