       HD175679   2453514.30329        76.70000        40.20000             nan             nan             nan             nan             nan             nan            CESO 
       HD175679   2453514.32431       126.60000        29.80000             nan             nan             nan             nan             nan             nan            CESO 
       HD175679   2453522.17115        -4.51809         6.23177             nan             nan             nan             nan             nan             nan          HIDESS 
       HD175679   2453601.15551      -116.82504         6.87901             nan             nan             nan             nan             nan             nan          HIDESS 
       HD175679   2453615.15110      -128.99490         9.67763             nan             nan             nan             nan             nan             nan          HIDESS 
       HD175679   2453636.04556      -116.40000        36.40000             nan             nan             nan             nan             nan             nan            CESO 
       HD175679   2453805.33552      -277.58497         5.99670             nan             nan             nan             nan             nan             nan          HIDESS 
       HD175679   2453891.31128      -160.40000        47.00000             nan             nan             nan             nan             nan             nan            CESO 
       HD175679   2453892.31555      -198.80000        35.40000             nan             nan             nan             nan             nan             nan            CESO 
       HD175679   2454042.02411      -225.70000        40.40000             nan             nan             nan             nan             nan             nan            CESO 
       HD175679   2454043.94023      -191.90000        68.60000             nan             nan             nan             nan             nan             nan            CESO 
       HD175679   2454043.96219      -302.30000        54.40000             nan             nan             nan             nan             nan             nan            CESO 
       HD175679   2454173.34461      -315.81106         4.88473             nan             nan             nan             nan             nan             nan          HIDESS 
       HD175679   2454194.34097      -237.40000        33.80000             nan             nan             nan             nan             nan             nan            CESO 
       HD175679   2454196.36744      -197.30000        22.70000             nan             nan             nan             nan             nan             nan            CESO 
       HD175679   2454256.27816      -222.80000        37.80000             nan             nan             nan             nan             nan             nan            CESO 
       HD175679   2454315.14785      -102.60000        24.00000             nan             nan             nan             nan             nan             nan            CESO 
       HD175679   2454337.08900       -53.80000        28.70000             nan             nan             nan             nan             nan             nan            CESO 
       HD175679   2454338.03773      -228.57744         4.71589             nan             nan             nan             nan             nan             nan          HIDESS 
       HD175679   2454339.99555      -212.63544         4.37897             nan             nan             nan             nan             nan             nan          HIDESS 
       HD175679   2454340.07030       -59.60000        32.70000             nan             nan             nan             nan             nan             nan            CESO 
       HD175679   2454340.07750      -103.40000        38.50000             nan             nan             nan             nan             nan             nan            CESO 
       HD175679   2454348.98419      -204.53485         4.49413             nan             nan             nan             nan             nan             nan          HIDESS 
       HD175679   2454368.01903       -39.10000        31.80000             nan             nan             nan             nan             nan             nan            CESO 
       HD175679   2454368.03350      -105.50000        29.00000             nan             nan             nan             nan             nan             nan            CESO 
       HD175679   2454379.03210      -149.55015         5.47248             nan             nan             nan             nan             nan             nan          HIDESS 
       HD175679   2454396.96528       -95.70000        35.40000             nan             nan             nan             nan             nan             nan            CESO 
       HD175679   2454397.94227       -99.20000        22.80000             nan             nan             nan             nan             nan             nan            CESO 
       HD175679   2454397.95381       -62.70000        27.20000             nan             nan             nan             nan             nan             nan            CESO 
       HD175679   2454398.97694       -76.10000        28.20000             nan             nan             nan             nan             nan             nan            CESO 
       HD175679   2454398.99346       -62.70000        34.60000             nan             nan             nan             nan             nan             nan            CESO 
       HD175679   2454415.89643      -108.87226         4.85085             nan             nan             nan             nan             nan             nan          HIDESS 
       HD175679   2454524.34202       150.08129         5.73511        10.36395       183.72528        14.14168         0.19529         0.06644         1.00000          HIDESS 
       HD175679   2454560.32666       262.93556         4.67638        10.27177       188.62318         9.32682         0.11348         0.01553         1.00000          HIDESS 
       HD175679   2454589.28127       331.13273         4.34303        10.24570       166.10741         8.02407         0.17955         0.01881         1.00000          HIDESS 
       HD175679   2454624.12162       422.77543         5.73768        10.18436       205.03997        14.83175         0.11554         0.02634         1.00000          HIDESS 
       HD175679   2454672.08894       419.10813         5.06687        10.30477       209.80449         8.37416         0.17242         0.01764         1.00000          HIDESS 
       HD175679   2454703.09893       364.99002         4.67502        10.26921       218.43991        10.84808         0.14077         0.02914         1.00000          HIDESS 
       HD175679   2454722.07038       408.20000        27.80000             nan             nan             nan             nan             nan             nan            CESO 
       HD175679   2454754.97708       288.23970         4.82238        10.29873       205.09928        10.87393         4.54952         0.57867         0.00000          HIDESS 
       HD175679   2454796.87929       161.91954         4.92165        10.24365       241.34748        15.98724         0.11898         0.08593         1.00000          HIDESS 
       HD175679   2454927.32153       -81.33202         4.91668        10.21127       205.20951         9.97939         0.18124         0.02793         1.00000          HIDESS 
       HD175679   2455132.92063      -245.10914         4.59146        10.29025       259.75042        13.01379         0.12255         0.05708         1.00000          HIDESS 
       HD175679   2455158.93001      -268.59726         8.94488             nan             nan             nan             nan             nan             nan          HIDESS 
       HD175679   2455346.31116      -267.90000        17.90000             nan             nan             nan             nan             nan             nan            CESN 
       HD175679   2455351.26750      -208.50000        21.90000             nan             nan             nan             nan             nan             nan            CESN 
       HD175679   2455351.28864      -220.80000        22.30000             nan             nan             nan             nan             nan             nan            CESN 
       HD175679   2455351.30975      -205.60000        20.30000             nan             nan             nan             nan             nan             nan            CESN 
       HD175679   2455399.06384      -338.66068         4.47839        10.22188       195.62032         6.80864         0.17227         0.01518         1.00000          HIDESS 
       HD175679   2455464.00552      -242.40000        11.50000             nan             nan             nan             nan             nan             nan            CESN 
       HD175679   2455464.02690      -239.00000        10.70000             nan             nan             nan             nan             nan             nan            CESN 
       HD175679   2455464.04837      -241.50000        12.00000             nan             nan             nan             nan             nan             nan            CESN 
       HD175679   2455464.06980      -239.40000        10.40000             nan             nan             nan             nan             nan             nan            CESN 
       HD175679   2456142.06959       191.70144         5.41911        10.22501       209.41474         8.95004         0.14564         0.02104         1.00000          HIDESS 
       HD175679   2457238.04868       181.39055         4.59481        10.55518       135.15749         8.91395             nan             nan             nan         HIDESF1 
       HD175679   2457238.18002       172.07048         4.51516        10.57807       155.34640         9.44699             nan             nan             nan         HIDESF1 
       HD175679   2457476.29710       256.50707         4.75122        10.51852       155.15604         8.60419             nan             nan             nan         HIDESF1 
       HD175679   2457629.98610       -26.54565         8.24550        10.65552       233.43224        19.14334             nan             nan             nan         HIDESF1 
       HD175679   2457724.88834      -108.65901         4.36031        10.58165       164.45481        10.46932             nan             nan             nan         HIDESF1 
       HD175679   2457951.14890      -247.05175         4.89759        10.59931       158.75519         8.45632             nan             nan             nan         HIDESF1 
       HD175679   2457986.02467      -258.62066         3.96177        10.53213       200.49678         9.26671             nan             nan             nan         HIDESF1 
       HD175679   2458706.18260       324.29704         5.53519        10.92158       176.33073        14.38629             nan             nan             nan         HIDESF2 
       HD175679   2458796.92684       224.06041         5.84164        10.87410       143.56891         9.87040             nan             nan             nan         HIDESF2 
       HD175679   2459077.03233      -199.32620         4.74385        10.58934       118.52393         7.50471             nan             nan             nan         HIDESF2 
       HD175679   2459330.29263      -345.17824         6.81072        10.59543       111.95100        14.63970             nan             nan             nan         HIDESF2 
