       HD184010   2453107.29171         0.69265         3.27249             nan             nan             nan             nan             nan             nan          HIDESS 
       HD184010   2453214.20328        18.92808         5.83408             nan             nan             nan             nan             nan             nan          HIDESS 
       HD184010   2453307.03872        -5.03361         3.51141             nan             nan             nan             nan             nan             nan          HIDESS 
       HD184010   2453499.26989         0.85659         5.33961             nan             nan             nan             nan             nan             nan          HIDESS 
       HD184010   2453608.20038       -21.35321         4.39982             nan             nan             nan             nan             nan             nan          HIDESS 
       HD184010   2453692.95890         3.73602         3.54283             nan             nan             nan             nan             nan             nan          HIDESS 
       HD184010   2453853.28047        -0.29873         5.49730             nan             nan             nan             nan             nan             nan          HIDESS 
       HD184010   2454022.02643       -13.59105         3.29161             nan             nan             nan             nan             nan             nan          HIDESS 
       HD184010   2454171.35110       -12.29620         4.10585             nan             nan             nan             nan             nan             nan          HIDESS 
       HD184010   2454416.94410       -13.11164         4.07402             nan             nan             nan         0.40408         0.14134         1.00000          HIDESS 
       HD184010   2454416.94410       -13.11164         4.07402             nan             nan             nan             nan             nan             nan          HIDESS 
       HD184010   2454673.17000        16.13756         3.70666         8.79338       193.48919         5.88666         0.15277         0.01643         1.00000          HIDESS 
       HD184010   2454984.24392         4.84082         3.54143         8.84201       156.94273         6.12017         0.14675         0.01645         1.00000          HIDESS 
       HD184010   2455165.96382       -10.19166         3.98352         8.89871       123.17604         8.16831         0.17358         0.08542         1.00000          HIDESS 
       HD184010   2455350.19416        -7.41690         3.55175         8.76083       114.54952         4.39709         0.15204         0.01605         1.00000          HIDESS 
       HD184010   2455503.95871        15.18357         3.54129         8.85501       149.00039         5.44894         0.14494         0.01779         1.00000          HIDESS 
       HD184010   2455790.05568       -13.60022         4.40477         8.92612       153.75957         5.13427         0.15175         0.01548         1.00000          HIDESS 
       HD184010   2456141.16234        -5.37239         4.09299         8.89849       135.45963         4.85616         0.14010         0.01470         1.00000          HIDESS 
       HD184010   2456417.28919        -1.22280         3.20912         8.81672       119.47772         4.97148         0.14443         0.01608         1.00000          HIDESS 
       HD184010   2456418.25204         4.08826         3.36654         8.80992       116.61333         5.86250         0.14930         0.01818         1.00000          HIDESS 
       HD184010   2456419.26905         6.01990         3.87534         8.83417       133.33367         7.81008         0.11378         0.02605         1.00000          HIDESS 
       HD184010   2456438.27832        -7.06594         4.30608         8.80739       134.56654         6.85458         0.11873         0.02118         1.00000          HIDESS 
       HD184010   2456438.28756        -6.01705         5.29518         8.82517       130.67755         7.50232         0.12037         0.02869         1.00000          HIDESS 
       HD184010   2456444.20804        -9.80760         3.33868         9.21722        83.16234         4.36752             nan             nan             nan         HIDESF1 
       HD184010   2456447.27801       -11.20928         3.96414         8.84518       123.11072         6.43108         0.14366         0.01923         1.00000          HIDESS 
       HD184010   2456507.10086         8.73232         4.37014         8.77089       132.07702         7.37713         0.13557         0.02537         1.00000          HIDESS 
       HD184010   2456514.03194        12.00484         3.99119         9.26302       127.54777         6.23955             nan             nan             nan         HIDESF1 
       HD184010   2456517.02751        11.26960         3.81503         9.24810       118.08652         5.95197             nan             nan             nan         HIDESF1 
       HD184010   2456520.03729        10.40668        10.31528         9.24306        58.88173        19.31082             nan             nan             nan         HIDESF1 
       HD184010   2456551.99958         7.61080         3.99095         8.84185       155.60653         9.02381         0.10390         0.02091         1.00000          HIDESS 
       HD184010   2456552.96583        13.93671         3.19877         9.22234       100.67509         3.49217             nan             nan             nan         HIDESF1 
       HD184010   2456578.09502        18.01844         4.21108         8.90846       136.22458        10.23566         0.13952         0.06166         1.00000          HIDESS 
       HD184010   2456578.93201        19.88390         3.75154         8.87562       149.02507         6.92816         0.14206         0.02277         1.00000          HIDESS 
       HD184010   2456579.99315        12.33488         3.33175         8.83378       154.05341         4.97188         0.15315         0.02066         1.00000          HIDESS 
       HD184010   2456594.92938        13.94625         3.20822         9.24975       110.68598         5.97060             nan             nan             nan         HIDESF1 
       HD184010   2456595.94409        14.84274         3.00355         9.26391       120.58698         6.00570             nan             nan             nan         HIDESF1 
       HD184010   2456604.87186        11.97100         3.15494         9.23465       109.44591         4.85994             nan             nan             nan         HIDESF1 
       HD184010   2456605.92791        14.64169         3.44490         9.23665       121.92900         6.24259             nan             nan             nan         HIDESF1 
       HD184010   2456607.91699        13.25539         3.51433         9.23803       120.98764         6.80801             nan             nan             nan         HIDESF1 
       HD184010   2456608.97448        14.40168         4.23810         9.25445        96.95229         7.96230             nan             nan             nan         HIDESF1 
       HD184010   2456609.89872        10.88749         3.39793         9.24822       105.74816         7.03100             nan             nan             nan         HIDESF1 
       HD184010   2456614.92548        11.29036         3.58322         9.23402       125.71635         7.67892             nan             nan             nan         HIDESF1 
       HD184010   2456617.88693         2.03379         3.36217         8.81143       164.94078         6.92799         0.13615         0.01739         1.00000          HIDESS 
       HD184010   2456618.88804        10.14296         3.58199         8.85385       140.82375         6.47790         0.13481         0.02035         1.00000          HIDESS 
       HD184010   2456624.91053        12.01349         4.01072         9.24336       119.27002         5.68153             nan             nan             nan         HIDESF1 
       HD184010   2456637.88427        -6.25917         4.82798         9.24504       111.81572         7.32481             nan             nan             nan         HIDESF1 
       HD184010   2456647.88566        -2.62891         3.98476         9.31881       118.32831         7.96404             nan             nan             nan         HIDESF1 
       HD184010   2456735.32422       -13.61946         4.34807         9.21845        99.49541         5.08293             nan             nan             nan         HIDESF1 
       HD184010   2456738.33054       -16.09071         3.34492         9.28981       109.34652         5.66492             nan             nan             nan         HIDESF1 
       HD184010   2456799.31439        -7.15371         4.57564         8.76176       165.91223        10.85403         0.19912         0.02013         1.00000          HIDESS 
       HD184010   2456800.30533       -18.02472         4.15915         8.81400       126.83218         6.60648         0.13757         0.02172         1.00000          HIDESS 
       HD184010   2456856.09657       -16.50409         4.40511         9.23938       122.80657         4.56644             nan             nan             nan         HIDESF1 
       HD184010   2456861.13226        -4.76581         5.19616         9.16795       126.79287         9.65652             nan             nan             nan         HIDESF1 
       HD184010   2456862.13826        -5.83925         4.21741         9.21894       107.26083         3.69982             nan             nan             nan         HIDESF1 
       HD184010   2456863.16110        -3.09844         4.13014         9.23305       110.31932         4.77983             nan             nan             nan         HIDESF1 
       HD184010   2456891.12750        -9.65377         3.79386         8.78979       148.98271         5.34654         0.18957         0.01784         1.00000          HIDESS 
       HD184010   2456908.03355       -12.77133         3.86711         9.25447       109.98914         4.98814             nan             nan             nan         HIDESF1 
       HD184010   2456931.97853        -8.49601         4.02618         8.87476       112.62070         6.22662         0.14212         0.02247         1.00000          HIDESS 
       HD184010   2456931.99145       -14.55781         3.66283         8.84267       140.63702         5.74473         0.14259         0.01675         1.00000          HIDESS 
       HD184010   2456947.00268        -5.61427         3.12468         9.23840       109.28827         5.90066             nan             nan             nan         HIDESF1 
       HD184010   2456947.89925        -3.41469         2.76285         9.24369        95.28522         3.54575             nan             nan             nan         HIDESF1 
       HD184010   2456964.96596        -3.04504         3.39872         9.25849       103.98353         5.67360             nan             nan             nan         HIDESF1 
       HD184010   2456971.92606        -2.18146         3.42129         8.87921       129.62895         4.57203         0.14337         0.01725         1.00000          HIDESS 
       HD184010   2456973.91270        -3.66606         3.14320         8.86261       143.82355         5.80790         0.14366         0.01642         1.00000          HIDESS 
       HD184010   2456990.88705       -13.82455         4.16428         9.24291       121.63400         7.74131             nan             nan             nan         HIDESF1 
       HD184010   2457000.88930        -0.83785         3.65099         9.29860       112.84382         5.69553             nan             nan             nan         HIDESF1 
       HD184010   2457003.88547        -0.90698         4.71616         9.25847        74.25886         6.09255             nan             nan             nan         HIDESF1 
       HD184010   2457005.88556        -8.90799         3.66450         9.23870       119.14827         8.75731             nan             nan             nan         HIDESF1 
       HD184010   2457007.86355        -0.03732         4.36233         9.22958        97.67870         7.74316             nan             nan             nan         HIDESF1 
       HD184010   2457016.86888        -5.57518         4.48463         9.27690       104.30230        11.81558             nan             nan             nan         HIDESF1 
       HD184010   2457054.37207         0.60437         3.71509         9.21777       116.33002         6.15432             nan             nan             nan         HIDESF1 
       HD184010   2457066.37409         6.19822         5.33810         9.23093       127.75210         7.14397             nan             nan             nan         HIDESF1 
       HD184010   2457068.38272         9.57992         4.51885         9.27535       135.80283         7.37166             nan             nan             nan         HIDESF1 
       HD184010   2457087.36849        11.60185         3.79200         9.27946       149.61512        10.14759             nan             nan             nan         HIDESF1 
       HD184010   2457092.36456         4.26174         3.55601         9.26731       134.02258         7.42039             nan             nan             nan         HIDESF1 
       HD184010   2457107.32893        16.64171         3.28223         9.23411        97.64167         3.53760             nan             nan             nan         HIDESF1 
       HD184010   2457128.29678        12.86881         4.76756         9.19523        82.51410         9.74734             nan             nan             nan         HIDESF1 
       HD184010   2457130.32136         5.47975         3.08743         9.27486        95.44526         4.09258             nan             nan             nan         HIDESF1 
       HD184010   2457134.29856        13.98177         4.45408         8.88107       123.94131         7.46338         0.10716         0.02686         1.00000          HIDESS 
       HD184010   2457136.29174        11.81787         3.06493         8.89065       100.91063         3.76508         0.15343         0.01414         1.00000          HIDESS 
       HD184010   2457140.25966         6.46828         4.50631         9.26011        86.32526         6.10716             nan             nan             nan         HIDESF1 
       HD184010   2457169.18994        11.89105         3.37414         9.27979        92.60546         4.91110             nan             nan             nan         HIDESF1 
       HD184010   2457172.17897        19.26638         3.31441         9.27392        98.26613         4.74694             nan             nan             nan         HIDESF1 
       HD184010   2457174.24474        16.87496         3.31442         9.27168        87.89554         4.73037             nan             nan             nan         HIDESF1 
       HD184010   2457234.10934        12.77768         3.09521         8.75088       150.25719         4.31929         0.15473         0.01347         1.00000          HIDESS 
       HD184010   2457236.20538        21.06122         3.43611         9.25170       107.64010         4.22100             nan             nan             nan         HIDESF1 
       HD184010   2457246.02299        -0.29509         5.12310         9.23645        82.42168         5.79440             nan             nan             nan         HIDESF1 
       HD184010   2457261.96813        -5.88176         3.87419         9.24430       121.50499         6.36521             nan             nan             nan         HIDESF1 
       HD184010   2457283.99746       -15.51107         2.89590         9.27019       103.30122         4.43379             nan             nan             nan         HIDESF1 
       HD184010   2457303.94781       -13.26356         3.80822         9.20579       105.67302         7.44479             nan             nan             nan         HIDESF1 
       HD184010   2457305.01917       -13.64248         3.03107         9.25741       121.39696         4.89080             nan             nan             nan         HIDESF1 
       HD184010   2457318.91551       -17.07646         4.21957         9.22421        89.37962         3.67368             nan             nan             nan         HIDESF1 
       HD184010   2457321.90716       -13.56851         3.95328         9.23320       131.17564         7.78086             nan             nan             nan         HIDESF1 
       HD184010   2457323.87887       -12.99698         3.22258         9.27137        87.18050         4.12253             nan             nan             nan         HIDESF1 
       HD184010   2457331.99627       -17.36161         2.84215         9.24435        99.66300         4.26462             nan             nan             nan         HIDESF1 
       HD184010   2457352.89086       -33.31290         3.37972         9.24712        97.02226         4.85152             nan             nan             nan         HIDESF1 
       HD184010   2457475.34661        11.33533         3.03672         9.21663       107.38219         5.02827             nan             nan             nan         HIDESF1 
       HD184010   2457476.31129        15.76757         3.72436         9.24032       103.49165         4.67267             nan             nan             nan         HIDESF1 
       HD184010   2457511.28369        10.26167         5.52602         8.85511       139.49164        12.82301         2.16817         0.25045         1.00000          HIDESS 
       HD184010   2457513.19715         7.36258         3.23279         8.84701       122.29680         5.08120         0.10612         0.01893         1.00000          HIDESS 
       HD184010   2457521.26652         5.84130         3.26752         9.21060       116.36473         5.18117             nan             nan             nan         HIDESF1 
       HD184010   2457522.27401        13.85088         3.28018         9.18498       107.81139         5.17876             nan             nan             nan         HIDESF1 
       HD184010   2457542.27910        -3.98385         3.60447         9.22575        80.54260         4.08905             nan             nan             nan         HIDESF1 
       HD184010   2457545.13468       -12.20938         4.68379         9.25519       109.98286         8.26056             nan             nan             nan         HIDESF1 
       HD184010   2457591.10861       -26.69599         6.29726         9.25007       102.33225         7.74387             nan             nan             nan         HIDESF1 
       HD184010   2457593.07583       -11.52687         3.42390         9.19627       105.66532         4.78919             nan             nan             nan         HIDESF1 
       HD184010   2457625.18803       -21.05322         4.29976         9.24089       104.93184         5.56197             nan             nan             nan         HIDESF1 
       HD184010   2457626.08510       -24.75403         4.70332         9.23270       107.36168         6.82234             nan             nan             nan         HIDESF1 
       HD184010   2457663.08569       -21.79432         3.12597         9.20514        89.70240         4.41709             nan             nan             nan         HIDESF1 
       HD184010   2457676.01477        -9.74397         3.00435         9.20279       129.18212         5.90571             nan             nan             nan         HIDESF1 
       HD184010   2457687.94980        -4.64470         3.18122         9.24923       112.09939         4.60117             nan             nan             nan         HIDESF1 
       HD184010   2457721.88476        -4.45277         3.34076         9.24545        96.22529         5.94232             nan             nan             nan         HIDESF1 
       HD184010   2457838.35400       -19.21423         3.96140         9.22793       114.43644         7.08746             nan             nan             nan         HIDESF1 
       HD184010   2457888.29366        -7.02444         3.51172         9.20335        84.36468         3.20530             nan             nan             nan         HIDESF1 
       HD184010   2457895.29710        -8.48344         3.87897         9.17149        89.62565         4.61780             nan             nan             nan         HIDESF1 
       HD184010   2457905.15468        -6.74659         4.38673         9.13977        96.83551         5.94820             nan             nan             nan         HIDESF1 
       HD184010   2457923.08981        -5.05382         3.42481         9.25680        99.13484         4.26270             nan             nan             nan         HIDESF1 
       HD184010   2457949.04044        -4.94992         4.10959         9.28134       112.19151         5.55038             nan             nan             nan         HIDESF1 
       HD184010   2457961.13348         8.66652         6.20114         9.43460       107.88211         9.89301             nan             nan             nan         HIDESF1 
       HD184010   2457986.03431         3.55212         4.52384         9.30030       136.26468         6.60863             nan             nan             nan         HIDESF1 
       HD184010   2458010.04564        26.61426        11.31225         9.23797       119.08046        29.06219             nan             nan             nan         HIDESF1 
       HD184010   2458036.03767        14.79951         3.40589         9.23460        96.68424         4.96468             nan             nan             nan         HIDESF1 
       HD184010   2458058.93368        23.49311         2.92555         9.20440       116.76577         5.03857             nan             nan             nan         HIDESF1 
       HD184010   2458073.86611        19.78434         3.22843         9.19571        97.90679         4.83000             nan             nan             nan         HIDESF1 
       HD184010   2458092.90132        23.11654         4.46000         9.26418       132.36826         8.59965             nan             nan             nan         HIDESF1 
       HD184010   2458547.34713        -4.47828         4.48502         9.18255             nan             nan             nan             nan             nan         HIDESF2 
       HD184010   2458556.32924        -3.60850         4.91009         9.49709        73.26686         6.06575             nan             nan             nan         HIDESF2 
       HD184010   2458559.32727        -7.58905         6.49684         9.54107        65.50572         6.97259             nan             nan             nan         HIDESF2 
       HD184010   2458577.32040         4.46745         3.48358         9.49024        57.18048         3.15122             nan             nan             nan         HIDESF2 
       HD184010   2458578.33300         4.86369         4.85547         9.50099        61.13073         5.34786             nan             nan             nan         HIDESF2 
       HD184010   2458580.28008         1.07886         4.16857         9.55074        96.35012         7.47317             nan             nan             nan         HIDESF2 
       HD184010   2458616.14876        -0.22218         4.72229         9.58843       107.72006         6.70170             nan             nan             nan         HIDESF2 
       HD184010   2458652.15758        -8.01813         5.35465             nan             nan             nan             nan             nan             nan         HIDESF2 
       HD184010   2458680.17259        -4.25015         4.94986         9.47886        78.90787         6.77642             nan             nan             nan         HIDESF2 
       HD184010   2458686.09618        -4.95584         5.53282         9.55473        69.36096         5.89128             nan             nan             nan         HIDESF2 
       HD184010   2458701.10895         9.32516        10.03781         9.52317        42.96291        10.41959             nan             nan             nan         HIDESF2 
       HD184010   2458706.01852       -12.86107         5.62804         9.45785        80.03238         9.01063             nan             nan             nan         HIDESF2 
       HD184010   2458712.02228        -1.10286         5.01245         9.50249        64.66117         5.32765             nan             nan             nan         HIDESF2 
       HD184010   2458721.05093        -5.18839         5.37821         9.55065        67.16705         6.13546             nan             nan             nan         HIDESF2 
       HD184010   2458732.95685       -10.51105         5.09542         9.56827        97.07008         6.69009             nan             nan             nan         HIDESF2 
       HD184010   2458740.93237        -2.95654         4.33798         9.51198        64.49558         6.30951             nan             nan             nan         HIDESF2 
       HD184010   2458741.96685        -4.32443         4.53925         9.52364        83.50691         6.04587             nan             nan             nan         HIDESF2 
       HD184010   2458743.07054        -6.29033         5.80457         9.50173        76.65775         6.34543             nan             nan             nan         HIDESF2 
       HD184010   2458751.98594         1.85960         4.22884         9.55008        74.73509         5.09446             nan             nan             nan         HIDESF2 
       HD184010   2458779.03032        -7.22002         8.56640         9.49832        47.46697         6.37899             nan             nan             nan         HIDESF2 
       HD184010   2458824.90490        -4.97781         8.49682         9.21744        56.52045         9.75004             nan             nan             nan         HIDESF2 
       HD184010   2458826.89370        -9.81552         4.41988         9.28255        67.30687         6.24578             nan             nan             nan         HIDESF2 
       HD184010   2458831.89125        -1.10561         5.24367         9.30200        65.53665         5.70410             nan             nan             nan         HIDESF2 
       HD184010   2458832.88504       -16.80074         6.61381         9.23458        62.18464        10.53328             nan             nan             nan         HIDESF2 
       HD184010   2458898.35048        16.70865         4.45319         9.30054        70.29730         4.25795             nan             nan             nan         HIDESF2 
       HD184010   2458900.36856        18.16230         5.66339         9.37838        79.10147         9.72161             nan             nan             nan         HIDESF2 
       HD184010   2458925.31036        20.95837         4.99889         9.36095        55.98341         6.11282             nan             nan             nan         HIDESF2 
       HD184010   2458927.34704        14.66944         5.09254         9.32000        63.94959         8.52416             nan             nan             nan         HIDESF2 
       HD184010   2458929.29944        24.33919         5.22213         9.32137        97.37615         8.56579             nan             nan             nan         HIDESF2 
       HD184010   2458945.30240        19.60735         3.80421         9.25052        44.09111         6.02856             nan             nan             nan         HIDESF2 
       HD184010   2458947.27021        14.89057         5.75044         9.32424        57.51116         9.99766             nan             nan             nan         HIDESF2 
       HD184010   2458949.21040        22.06881         6.34756         9.29292        40.26508        11.16758             nan             nan             nan         HIDESF2 
       HD184010   2458950.23333        12.68485         4.82383         9.28842        66.89645         7.41374             nan             nan             nan         HIDESF2 
       HD184010   2458955.23651        -0.70382         4.49597         9.31952        40.92763         4.74733             nan             nan             nan         HIDESF2 
       HD184010   2458956.32740         6.18568         9.95027         9.33475        63.22199         4.39515             nan             nan             nan         HIDESF2 
       HD184010   2458963.28271         3.19695         4.79036         9.31027        75.21412         7.75392             nan             nan             nan         HIDESF2 
       HD184010   2458965.20371         8.35290         4.73569         9.35136        55.51022         5.01532             nan             nan             nan         HIDESF2 
       HD184010   2458966.20491         7.41398         5.77614         9.33983        55.72989         5.95304             nan             nan             nan         HIDESF2 
       HD184010   2458983.13547        12.24436         4.29340         9.30825        72.64309         5.41611             nan             nan             nan         HIDESF2 
       HD184010   2458990.12698        15.97653         7.48645         9.24263        79.92225        11.27941             nan             nan             nan         HIDESF2 
       HD184010   2458993.26865        12.54255         4.70444         9.34093        33.75695         2.73444             nan             nan             nan         HIDESF2 
       HD184010   2458994.27249        10.03652         5.51844         9.29073        54.85501         9.38092             nan             nan             nan         HIDESF2 
       HD184010   2458999.12370         9.44032         6.11648         9.30891        56.72724         9.86034             nan             nan             nan         HIDESF2 
       HD184010   2459077.11977        -7.94909         5.16096         9.27458        55.54815         5.45195             nan             nan             nan         HIDESF2 
       HD184010   2459114.02827        -2.01227         6.16663         9.25222        93.34650         7.58499             nan             nan             nan         HIDESF2 
       HD184010   2459118.98705         6.52232         4.54677         9.28702        69.31086         7.99133             nan             nan             nan         HIDESF2 
       HD184010   2459124.97088        -1.40458         4.50571         9.28729        50.41052         5.59011             nan             nan             nan         HIDESF2 
       HD184010   2459187.87035         6.83049         4.35230         9.33528        68.52294         6.44975             nan             nan             nan         HIDESF2 
       HD184010   2459191.87228         3.76948         4.87136         9.27158        69.29130         8.75793             nan             nan             nan         HIDESF2 
       HD184010   2459203.86007        -8.45574         4.17495         9.26890        66.94337         8.01519             nan             nan             nan         HIDESF2 
       HD184010   2459280.32886        -4.47737        10.37628         9.34904             nan             nan             nan             nan             nan         HIDESF2 
       HD184010   2459326.26974       -16.63364         6.09170         9.37922        93.07827        10.34944             nan             nan             nan         HIDESF2 
       HD184010   2459330.17984        -8.12757         6.64909         9.28791        96.07442         9.98792             nan             nan             nan         HIDESF2 
       HD184010   2459338.20661       -20.33444         7.56960         9.36395        69.64745        14.40316             nan             nan             nan         HIDESF2 
       HD184010   2459366.15802       -15.18332         7.79754         9.29279        92.28271        14.02990             nan             nan             nan         HIDESF2 
       HD184010   2459368.20544       -16.79423         5.96676         9.30098        40.70672         7.69064             nan             nan             nan         HIDESF2 
       HD184010   2459375.24852       -23.06555         8.09825         9.12247        52.56750         5.99054             nan             nan             nan         HIDESF2 
       HD184010   2459380.21095       -12.89988         7.22431         9.32757        93.51829        16.75922             nan             nan             nan         HIDESF2 
       HD184010   2459385.25184       -18.86170         5.61748         9.29726        59.61570         6.29843             nan             nan             nan         HIDESF2 
       HD184010   2459386.20395       -11.29869         6.17342         9.28156        64.78896         3.58611             nan             nan             nan         HIDESF2 
