       HD188310   2453102.29228       -19.54926         4.36452             nan             nan             nan             nan             nan             nan          HIDESS 
       HD188310   2453213.17615      -107.48271         6.69115             nan             nan             nan             nan             nan             nan          HIDESS 
       HD188310   2453310.99160        10.04198         4.37932             nan             nan             nan             nan             nan             nan          HIDESS 
       HD188310   2453448.32091       -58.99866         3.94689             nan             nan             nan             nan             nan             nan          HIDESS 
       HD188310   2453470.33298       -58.20286         5.08171             nan             nan             nan             nan             nan             nan          HIDESS 
       HD188310   2453499.19730       -60.29652         5.82852             nan             nan             nan             nan             nan             nan          HIDESS 
       HD188310   2453520.30837         8.47334         8.07432             nan             nan             nan             nan             nan             nan          HIDESS 
       HD188310   2453579.07896       -20.34840         5.38947             nan             nan             nan             nan             nan             nan          HIDESS 
       HD188310   2453607.08981       -53.75744         7.81118             nan             nan             nan             nan             nan             nan          HIDESS 
       HD188310   2453635.11187        14.23577        17.12625             nan             nan             nan             nan             nan             nan          HIDESS 
       HD188310   2453636.01866       -35.83942         4.44124             nan             nan             nan             nan             nan             nan          HIDESS 
       HD188310   2453695.95267        57.75789         4.10796             nan             nan             nan             nan             nan             nan          HIDESS 
       HD188310   2453813.34646        65.07530         6.15745             nan             nan             nan             nan             nan             nan          HIDESS 
       HD188310   2453887.28804       -49.82413         5.92070             nan             nan             nan             nan             nan             nan          HIDESS 
       HD188310   2453962.06989        86.90156         4.59557             nan             nan             nan             nan             nan             nan          HIDESS 
       HD188310   2453967.07705        55.98882         6.35045             nan             nan             nan             nan             nan             nan          HIDESS 
       HD188310   2453974.05995        54.55221         5.04798             nan             nan             nan             nan             nan             nan          HIDESS 
       HD188310   2453984.12883        26.81046         9.77206             nan             nan             nan             nan             nan             nan          HIDESS 
       HD188310   2453987.02441        20.31334         5.12980             nan             nan             nan             nan             nan             nan          HIDESS 
       HD188310   2454018.01869       -61.32507         4.18631             nan             nan             nan             nan             nan             nan          HIDESS 
       HD188310   2454022.03914       -82.58754         4.11097             nan             nan             nan             nan             nan             nan          HIDESS 
       HD188310   2454048.97817       -54.01084         5.25796             nan             nan             nan             nan             nan             nan          HIDESS 
       HD188310   2454088.88243        40.73859         5.10904             nan             nan             nan             nan             nan             nan          HIDESS 
       HD188310   2454143.37178       -31.94495         4.74832             nan             nan             nan             nan             nan             nan          HIDESS 
       HD188310   2454172.34702       -59.53879         5.37635             nan             nan             nan             nan             nan             nan          HIDESS 
       HD188310   2454216.30472        21.89906         4.80531             nan             nan             nan             nan             nan             nan          HIDESS 
       HD188310   2454220.31250        58.75645         4.57620             nan             nan             nan             nan             nan             nan          HIDESS 
       HD188310   2454254.13034        10.20477         5.63314             nan             nan             nan             nan             nan             nan          HIDESS 
       HD188310   2454305.15075       -51.93600         4.31239             nan             nan             nan             nan             nan             nan          HIDESS 
       HD188310   2454310.14949       -30.69736         5.21027             nan             nan             nan             nan             nan             nan          HIDESS 
       HD188310   2454338.05460         5.99345         4.64138             nan             nan             nan             nan             nan             nan          HIDESS 
       HD188310   2454341.95131         9.97468         4.56505             nan             nan             nan             nan             nan             nan          HIDESS 
       HD188310   2454379.05646        78.77246         4.36120             nan             nan             nan             nan             nan             nan          HIDESS 
       HD188310   2454383.91686        72.51905         3.85409             nan             nan             nan             nan             nan             nan          HIDESS 
       HD188310   2454415.95612       -33.71232         3.94775             nan             nan             nan             nan             nan             nan          HIDESS 
       HD188310   2454423.89650       -56.26908         4.23249             nan             nan             nan             nan             nan             nan          HIDESS 
       HD188310   2454524.36133        19.11053         4.86824        10.48194       127.92444         7.27453         0.18064         0.05903         1.00000          HIDESS 
       HD188310   2454588.28410       -16.59388         4.18599        10.42522       137.81060         6.51740         0.13782         0.02263         1.00000          HIDESS 
       HD188310   2454654.09930        46.53852         5.08097        10.35100       142.37405         5.28906         0.15327         0.02125         1.00000          HIDESS 
       HD188310   2454672.10873        11.78832         4.34979        10.40212       206.14310         6.65846         0.14510         0.01591         1.00000          HIDESS 
       HD188310   2454704.03454       -59.53500         4.61487        10.40782       175.66408         8.29304         0.12807         0.02851         1.00000          HIDESS 
       HD188310   2454756.96541         4.83833         4.11397        10.36930       228.39815         8.23013         0.12751         0.02639         1.00000          HIDESS 
       HD188310   2454760.90309        38.33886         4.57456        10.33482       182.11402        10.20150         0.06489         0.02559         1.00000          HIDESS 
       HD188310   2454795.95339        31.85107         6.11894        10.58060       153.46812        25.51923             nan             nan         0.00000          HIDESS 
       HD188310   2454818.89027        20.77397         4.86674        10.35492       142.46187         7.99472         0.09369         0.06223         1.00000          HIDESS 
       HD188310   2454952.30860         6.16520         5.16547        10.39932       143.30422         6.82289         0.15182         0.02465         1.00000          HIDESS 
       HD188310   2455036.16051        28.88965         4.78065        10.37972       134.12235         5.89442         0.12889         0.01872         1.00000          HIDESS 
       HD188310   2455161.90934        -2.84181         4.47083        10.38819       191.15619        11.47689             nan             nan         0.00000          HIDESS 
       HD188310   2455350.21470        43.85394         4.38693        10.45702       159.23163         7.58241         0.14628         0.02108         1.00000          HIDESS 
       HD188310   2455398.16867       -55.01371         4.91647        10.33075       207.20885         9.57870         0.14523         0.03715         1.00000          HIDESS 
       HD188310   2455436.11574       -23.05439         5.17828        10.37996       197.60622         7.20841         0.13415         0.02506         1.00000          HIDESS 
       HD188310   2455504.97493       -27.57449         4.92382        10.45563       183.22000         9.69031         0.18834         0.05106         1.00000          HIDESS 
       HD188310   2455797.97869       -10.26731         3.95180        10.71012       163.59815         5.61870             nan             nan             nan         HIDESF1 
       HD188310   2455811.96094       -45.60551         2.92002        10.68524       137.41944         5.04789             nan             nan             nan         HIDESF1 
       HD188310   2455812.07046       -45.23478         2.86713        10.68928       139.19538         5.68997             nan             nan             nan         HIDESF1 
       HD188310   2455812.97441       -22.94341         3.15459        10.68961       152.38141         5.63418             nan             nan             nan         HIDESF1 
       HD188310   2455813.05857       -39.70690         2.97227        10.64590       164.89593         5.71556             nan             nan             nan         HIDESF1 
       HD188310   2455813.97029       -30.60524         3.20776        10.66926       137.30489         4.77186             nan             nan             nan         HIDESF1 
       HD188310   2455814.06542       -26.16662         3.24743        10.69711       156.64113         5.94412             nan             nan             nan         HIDESF1 
       HD188310   2455814.07167       -25.21990         3.21491        10.66930       151.88207         5.08821             nan             nan             nan         HIDESF1 
       HD188310   2455815.10597       -36.93855         8.32955        10.74623       131.52077        21.66847             nan             nan             nan         HIDESF1 
       HD188310   2455815.11690       -45.08530         4.06556        10.68094       154.30364         7.64399             nan             nan             nan         HIDESF1 
       HD188310   2455815.97959       -11.85850         3.32974        10.67626       134.55524         5.36674             nan             nan             nan         HIDESF1 
       HD188310   2455816.10570       -44.95844         3.08944        10.67429       137.99170         4.98591             nan             nan             nan         HIDESF1 
       HD188310   2455816.99071       -26.46935         2.99016        10.66670       141.18163         3.98971             nan             nan             nan         HIDESF1 
       HD188310   2455817.09437       -26.68862         3.86622        10.65338       149.59742         7.66784             nan             nan             nan         HIDESF1 
       HD188310   2455841.91289         0.10640         2.97688        10.71924       159.02989         6.61133             nan             nan             nan         HIDESF1 
       HD188310   2455841.95649        -6.16659         3.54924        10.67452       149.14414         8.12798             nan             nan             nan         HIDESF1 
       HD188310   2455843.99764        32.32863         3.26857        10.65981       131.63698         8.01666             nan             nan             nan         HIDESF1 
       HD188310   2455844.92304        41.31197         3.21517        10.65672       176.14839         7.10282             nan             nan             nan         HIDESF1 
       HD188310   2455845.91864         5.75856         3.10976        10.72759       151.13578         6.49566             nan             nan             nan         HIDESF1 
       HD188310   2455845.92264         7.11010         2.98234        10.71950       162.48234         6.28935             nan             nan             nan         HIDESF1 
       HD188310   2455845.92664         8.18301         2.88979        10.70661       164.20909         6.86343             nan             nan             nan         HIDESF1 
       HD188310   2455845.93064         9.97625         3.11906        10.66467       165.71609         6.67650             nan             nan             nan         HIDESF1 
       HD188310   2455846.04389        21.32611         2.95632        10.74432       151.52528         7.24046             nan             nan             nan         HIDESF1 
       HD188310   2455846.04790        19.31183         3.21960        10.73733       167.30274         8.02522             nan             nan             nan         HIDESF1 
       HD188310   2455846.05197        21.06874         3.41187        10.70020       170.01708         9.08394             nan             nan             nan         HIDESF1 
       HD188310   2455846.05597        20.63737         3.10523        10.68980       144.32940         8.20995             nan             nan             nan         HIDESF1 
       HD188310   2455852.88626        21.82129         3.90059        10.34847       184.59896         4.58948         0.15812         0.01522         1.00000          HIDESS 
       HD188310   2455876.88630        46.22258         4.10168        10.34888       171.41452         5.51882         0.14966         0.02033         1.00000          HIDESS 
       HD188310   2456071.20102       -43.99771         4.41274        10.37045       145.27013         7.58728         0.14917         0.03679         1.00000          HIDESS 
       HD188310   2456553.00598        80.27996         3.32916        10.65062       155.53691         7.10701             nan             nan             nan         HIDESF1 
       HD188310   2456580.00427        20.08324         3.96127        10.39383       183.01323         7.71290         0.12789         0.02830         1.00000          HIDESS 
       HD188310   2456595.93577         4.52103         4.09505        10.69258       163.00694         9.92731             nan             nan             nan         HIDESF1 
       HD188310   2456647.87402       -20.16657         4.50738        10.73193       161.25553        13.56089             nan             nan             nan         HIDESF1 
       HD188310   2456738.33889       -61.27773         4.47300        10.72176       170.80168        11.30883             nan             nan             nan         HIDESF1 
       HD188310   2456817.29437        18.58554         5.21737        10.33721       196.24873        10.34122         0.13959         0.03287         1.00000          HIDESS 
       HD188310   2456935.08209        -8.65103         9.41607        10.78539       123.80175        11.53291             nan             nan             nan         HIDESF1 
       HD188310   2457135.25931        39.77751         4.66134        10.45089       183.39209         9.54473         0.10776         0.03678         1.00000          HIDESS 
       HD188310   2457140.32155        38.19542         4.66958        10.77123       170.33435        11.97980             nan             nan             nan         HIDESF1 
       HD188310   2457169.19497       -46.64135         3.76600        10.74538       146.83071         6.60061             nan             nan             nan         HIDESF1 
       HD188310   2457234.18794        27.27151         4.92818        10.37506       195.81362         9.31494         0.16818         0.02699         1.00000          HIDESS 
       HD188310   2457236.13612        11.80616         3.28862        10.71529       155.09437         4.88354             nan             nan             nan         HIDESF1 
       HD188310   2457236.26200        -5.74856         5.16590        10.76816       137.08012         9.63458             nan             nan             nan         HIDESF1 
       HD188310   2457237.09170        35.95730         3.40742        10.71522       125.92553         4.57797             nan             nan             nan         HIDESF1 
       HD188310   2457237.20470        12.16338         3.90067        10.70054       126.62704         5.15960             nan             nan             nan         HIDESF1 
       HD188310   2457238.07140        -2.19240         3.54231        10.71729       128.01982         4.66918             nan             nan             nan         HIDESF1 
       HD188310   2457238.13303        13.32084         3.54142        10.70979       133.57108         4.77239             nan             nan             nan         HIDESF1 
       HD188310   2457238.18681        29.07374         3.37728        10.69601       125.69713         5.65870             nan             nan             nan         HIDESF1 
       HD188310   2457238.25548        33.53747         4.15229        10.73214       103.80378         7.09380             nan             nan             nan         HIDESF1 
       HD188310   2457246.00850       -10.76766         4.97090        10.69358       172.24683        11.22218             nan             nan             nan         HIDESF1 
       HD188310   2457261.94542        59.39852         3.55450        10.69353       163.74992         6.38831             nan             nan             nan         HIDESF1 
       HD188310   2457262.04837        35.64151         4.15206        10.70125       180.91146        10.25257             nan             nan             nan         HIDESF1 
       HD188310   2457262.18452        36.17266         4.49649        10.69708       144.11989         9.21478             nan             nan             nan         HIDESF1 
       HD188310   2457283.96850       -25.84483         3.88613        10.71821       116.86170         6.68010             nan             nan             nan         HIDESF1 
       HD188310   2457321.92348       -48.45601         3.34748        10.66604       144.03354         6.14490             nan             nan             nan         HIDESF1 
       HD188310   2457352.93381       -16.73926         3.90362        10.70683       164.71374         9.77062             nan             nan             nan         HIDESF1 
       HD188310   2457390.85919        23.86700         4.58182        10.73149       163.16861        13.71290             nan             nan             nan         HIDESF1 
       HD188310   2457513.24544        41.83862         4.58686        10.34357       176.88529         8.95871         0.11583         0.02571         1.00000          HIDESS 
       HD188310   2457591.23795        -5.37669         4.18315        10.65041       173.34001        10.53778             nan             nan             nan         HIDESF1 
       HD188310   2457628.14219        36.44038         4.41413        10.70264       121.80571         7.27076             nan             nan             nan         HIDESF1 
       HD188310   2457923.10734        56.34548         4.00405        10.73843       156.09657         8.79461             nan             nan             nan         HIDESF1 
       HD188310   2457956.06216       -12.06782         5.10382        10.78633       153.27913        12.17637             nan             nan             nan         HIDESF1 
       HD188310   2457986.03094       -38.21066         4.56356        10.73045       119.32935         8.43196             nan             nan             nan         HIDESF1 
       HD188310   2458082.89579        24.23731         3.81267        10.72501       137.59435         9.54409             nan             nan             nan         HIDESF1 
       HD188310   2458098.87542         4.76396         5.40529        10.82016       178.31221        17.78424             nan             nan             nan         HIDESF1 
