       HD180314   2453844.01274      -292.10000         4.30000             nan             nan             nan             nan             nan             nan             HDS 
       HD180314   2453887.02911      -255.70000         4.20000             nan             nan             nan             nan             nan             nan             HDS 
       HD180314   2453929.07752       -70.40000         5.20000             nan             nan             nan             nan             nan             nan             HDS 
       HD180314   2454560.29986      -189.64881         4.29974         9.54933       168.51327         9.03076         0.37361         0.05160         1.00000          HIDESS 
       HD180314   2454624.23373      -300.77577         4.41341         9.50182       217.51409        13.59239         0.27749         0.03510         1.00000          HIDESS 
       HD180314   2454672.12632      -302.57622         3.70418         9.54089       218.01916         5.20459         0.39133         0.02037         1.00000          HIDESS 
       HD180314   2454755.04501       220.32641         3.38897         9.57241       196.37048         7.57900         0.46348         0.05039         1.00000          HIDESS 
       HD180314   2454759.93824       269.11271         3.66213         9.53791       237.47464         9.92133         0.46291         0.04015         1.00000          HIDESS 
       HD180314   2454763.95322       296.60100         3.68372         9.50950       227.31130         9.71615         0.44891         0.04501         1.00000          HIDESS 
       HD180314   2454796.92400       356.32451         3.28077         9.52855       220.83407         9.17043         0.40047         0.04332         1.00000          HIDESS 
       HD180314   2454800.87589       340.95776         3.48023         9.50491       199.48720         6.37529         0.37215         0.04571         1.00000          HIDESS 
       HD180314   2454817.89949       303.51654         3.89429         9.53848       189.28218        10.70212         0.26391         0.06238         1.00000          HIDESS 
       HD180314   2454884.34971        83.17363         4.10666         9.57241       191.37770         9.52318         0.40484         0.08045         1.00000          HIDESS 
       HD180314   2454927.26207      -100.78131         4.02191         9.49436       155.56104         7.64034         0.37409         0.05572         1.00000          HIDESS 
       HD180314   2454949.26623      -169.88369         3.71751         9.50319       192.29064         6.90161         0.40072         0.03851         1.00000          HIDESS 
       HD180314   2454983.10910      -223.62538         3.90141         9.56855       200.82935        10.95173         0.45180         0.05890         1.00000          HIDESS 
       HD180314   2454983.14328      -242.03972         3.57158         9.58781       196.03546         8.63463         0.43246         0.04714         1.00000          HIDESS 
       HD180314   2455101.05483      -169.62843         3.71038         9.52271       232.85721         9.58210         0.46424         0.03934         1.00000          HIDESS 
       HD180314   2455132.01737        41.48505         3.58490         9.49590       215.06642         7.93881         0.39418         0.04217         1.00000          HIDESS 
       HD180314   2455160.92722       269.61184         4.53141         9.51797       201.30059        11.50520         0.40035         0.06789         1.00000          HIDESS 
       HD180314   2455162.89387       279.04542         3.89134         9.49181       226.91732        13.22497         0.30279         0.03975         1.00000          HIDESS 
       HD180314   2455182.87355       345.48817         4.11399         9.54689       198.38329        10.82542         0.36155         0.04960         1.00000          HIDESS 
       HD180314   2455234.37851       258.53989         3.87228         9.43191       196.10128        10.75023         0.45202         0.07962         1.00000          HIDESS 
       HD180314   2455267.30817       108.96684         3.79374         9.47844       177.42096         8.71492         0.36608         0.06005         1.00000          HIDESS 
       HD180314   2455352.22729      -189.65464         3.60308         9.56217       219.78936         7.10334         0.46735         0.03482         1.00000          HIDESS 
       HD180314   2455402.12289      -304.87847         4.72729         9.48855       218.61928        10.89099         0.31060         0.03467         1.00000          HIDESS 
       HD180314   2455437.06874      -361.23663         4.17033         9.46671       199.17661         5.52961         0.29669         0.02219         1.00000          HIDESS 
       HD180314   2455665.27115        83.21692         3.84445         9.49324       170.71530         7.10791         0.25974         0.02852         1.00000          HIDESS 
       HD180314   2455878.88132      -267.42212         3.74262         9.50518       221.85252         9.79874         0.37012         0.04002         1.00000          HIDESS 
       HD180314   2456160.05947      -248.97207         4.64593         9.48188       213.97808         7.83439         0.37270         0.02907         1.00000          HIDESS 
       HD180314   2456580.02997      -299.70002         3.84098         9.42108       214.77739        11.13882         0.30931         0.04678         1.00000          HIDESS 
       HD180314   2456860.18608       -74.06050         4.74616         9.76563       179.26632        11.51221             nan             nan             nan         HIDESF1 
       HD180314   2457236.19505        -2.18820         3.62708         9.85199       159.67177         6.02281             nan             nan             nan         HIDESF1 
       HD180314   2457857.28679      -335.24045         4.73170         9.87668       179.44511        11.46451             nan             nan             nan         HIDESF1 
       HD180314   2457905.25170        36.81715         4.17569         9.88051       171.81573        11.01780             nan             nan             nan         HIDESF1 
       HD180314   2457954.00063       252.79948         3.54205         9.87474       145.67966         5.55677             nan             nan             nan         HIDESF1 
       HD180314   2457992.05720       110.84362         4.75184         9.87169       180.42858        10.92265             nan             nan             nan         HIDESF1 
       HD180314   2458605.27605      -277.99338         5.82902        10.03292       176.80817         8.58540             nan             nan             nan         HIDESF2 
       HD180314   2458616.13984      -249.83719         5.82774        10.18996       169.77926         8.79481             nan             nan             nan         HIDESF2 
       HD180314   2458652.16532      -147.24655         5.21670             nan             nan             nan             nan             nan             nan         HIDESF2 
       HD180314   2458795.95490       252.47450         5.18247        10.12959       153.59042        10.79623             nan             nan             nan         HIDESF2 
       HD180314   2458900.34592      -119.18424         6.18073        10.01506       164.30710        15.27560             nan             nan             nan         HIDESF2 
       HD180314   2458923.33216      -152.60932        10.57590         9.80778       183.02103        19.48419             nan             nan             nan         HIDESF2 
       HD180314   2458925.31958      -178.60032         7.32146         9.94404       120.28815        11.88094             nan             nan             nan         HIDESF2 
       HD180314   2459074.23464        66.14016         7.60478         9.94129       152.54324        15.85678             nan             nan             nan         HIDESF2 
       HD180314   2459124.99045       388.61540         5.72405         9.83159       140.43627        10.16868             nan             nan             nan         HIDESF2 
       HD180314   2459184.90322       287.52868         5.69030         9.86125       154.23644        11.34900             nan             nan             nan         HIDESF2 
       HD180314   2459191.90077       266.24561         7.42900         9.95158       202.51608        21.43081             nan             nan             nan         HIDESF2 
       HD180314   2459280.31665      -118.46880         8.96855         9.82521       182.90949        35.48185             nan             nan             nan         HIDESF2 
