       HD199665   2452489.14812         8.71538         4.24453             nan             nan             nan             nan             nan             nan          HIDESS 
       HD199665   2452507.13255       -31.66997         4.53441             nan             nan             nan             nan             nan             nan          HIDESS 
       HD199665   2452541.13078       -55.83033         4.25283             nan             nan             nan             nan             nan             nan          HIDESS 
       HD199665   2452857.14155       -42.16033         5.21845             nan             nan             nan             nan             nan             nan          HIDESS 
       HD199665   2452896.04562       -17.96624         4.83097             nan             nan             nan             nan             nan             nan          HIDESS 
       HD199665   2452927.05509        -7.68555         4.04502             nan             nan             nan             nan             nan             nan          HIDESS 
       HD199665   2452974.90042        20.91812         4.04835             nan             nan             nan             nan             nan             nan          HIDESS 
       HD199665   2452994.89538        47.96527         4.73710             nan             nan             nan             nan             nan             nan          HIDESS 
       HD199665   2453005.89286        46.25784         7.78293             nan             nan             nan             nan             nan             nan          HIDESS 
       HD199665   2453008.88405        44.38910         5.57446             nan             nan             nan             nan             nan             nan          HIDESS 
       HD199665   2453077.34142        97.97358         6.50170             nan             nan             nan             nan             nan             nan          HIDESS 
       HD199665   2453100.28913        91.54204         5.33293             nan             nan             nan             nan             nan             nan          HIDESS 
       HD199665   2453131.31412        99.86806         5.57582             nan             nan             nan             nan             nan             nan          HIDESS 
       HD199665   2453201.12161       154.24517         4.32787             nan             nan             nan             nan             nan             nan          HIDESS 
       HD199665   2453246.11264       113.99355         4.12686             nan             nan             nan             nan             nan             nan          HIDESS 
       HD199665   2453249.11296       108.99204         3.89540             nan             nan             nan             nan             nan             nan          HIDESS 
       HD199665   2453284.92824       101.16726         5.09342             nan             nan             nan             nan             nan             nan          HIDESS 
       HD199665   2453289.95829       109.55927         4.36044             nan             nan             nan             nan             nan             nan          HIDESS 
       HD199665   2453305.92456        83.01987         3.51957             nan             nan             nan             nan             nan             nan          HIDESS 
       HD199665   2453310.94901        77.07755         3.64412             nan             nan             nan             nan             nan             nan          HIDESS 
       HD199665   2453331.91847        75.40438         3.70194             nan             nan             nan             nan             nan             nan          HIDESS 
       HD199665   2453334.87581        77.82513         3.80118             nan             nan             nan             nan             nan             nan          HIDESS 
       HD199665   2453340.00857        62.95365         5.06195             nan             nan             nan             nan             nan             nan          HIDESS 
       HD199665   2453362.87409        76.49589         3.95695             nan             nan             nan             nan             nan             nan          HIDESS 
       HD199665   2453364.90366        85.93318         4.60798             nan             nan             nan             nan             nan             nan          HIDESS 
       HD199665   2453428.36636        40.11410         5.39691             nan             nan             nan             nan             nan             nan          HIDESS 
       HD199665   2453448.33985        -5.88052         5.48821             nan             nan             nan             nan             nan             nan          HIDESS 
       HD199665   2453470.31495       -31.52003        11.53481             nan             nan             nan             nan             nan             nan          HIDESS 
       HD199665   2453474.31724       -39.91115         5.75645             nan             nan             nan             nan             nan             nan          HIDESS 
       HD199665   2453495.26254       -53.45682         6.31136             nan             nan             nan             nan             nan             nan          HIDESS 
       HD199665   2453520.29547       -42.54592         4.60943             nan             nan             nan             nan             nan             nan          HIDESS 
       HD199665   2453525.29102       -45.51952        11.34342             nan             nan             nan             nan             nan             nan          HIDESS 
       HD199665   2453527.30256       -49.14203         8.04664             nan             nan             nan             nan             nan             nan          HIDESS 
       HD199665   2453576.99563      -103.74942         8.51608             nan             nan             nan             nan             nan             nan          HIDESS 
       HD199665   2453579.13803      -114.30913         6.35186             nan             nan             nan             nan             nan             nan          HIDESS 
       HD199665   2453600.05477      -113.11617         9.28100             nan             nan             nan             nan             nan             nan          HIDESS 
       HD199665   2453635.10323       -99.47145         4.69207             nan             nan             nan             nan             nan             nan          HIDESS 
       HD199665   2453655.95011      -122.62285         3.63062             nan             nan             nan             nan             nan             nan          HIDESS 
       HD199665   2453692.90126      -126.21245         3.71974             nan             nan             nan             nan             nan             nan          HIDESS 
       HD199665   2453719.91905      -125.77555         4.08147             nan             nan             nan             nan             nan             nan          HIDESS 
       HD199665   2453726.87730      -130.59982         4.49260             nan             nan             nan             nan             nan             nan          HIDESS 
       HD199665   2453740.87852      -119.61883         6.05242             nan             nan             nan             nan             nan             nan          HIDESS 
       HD199665   2453815.34023       -89.60490         5.64772             nan             nan             nan             nan             nan             nan          HIDESS 
       HD199665   2453833.33112       -82.75135         5.73604             nan             nan             nan             nan             nan             nan          HIDESS 
       HD199665   2453853.29044       -63.69404         6.73341             nan             nan             nan             nan             nan             nan          HIDESS 
       HD199665   2453890.22183       -39.10959         8.37866             nan             nan             nan             nan             nan             nan          HIDESS 
       HD199665   2453938.27713         1.74604         4.11431             nan             nan             nan             nan             nan             nan          HIDESS 
       HD199665   2453962.21716        15.74366         4.48634             nan             nan             nan             nan             nan             nan          HIDESS 
       HD199665   2454018.04762        58.24745         3.83898             nan             nan             nan             nan             nan             nan          HIDESS 
       HD199665   2454048.99753        61.87029         4.39070             nan             nan             nan             nan             nan             nan          HIDESS 
       HD199665   2454088.89703        92.67486         3.84461             nan             nan             nan             nan             nan             nan          HIDESS 
       HD199665   2454195.31621        96.41312         4.61295             nan             nan             nan             nan             nan             nan          HIDESS 
       HD199665   2454216.31460       103.80351         5.57362             nan             nan             nan             nan             nan             nan          HIDESS 
       HD199665   2454254.23381       116.99702         4.94310             nan             nan             nan             nan             nan             nan          HIDESS 
       HD199665   2454261.26932       109.25528         4.25883             nan             nan             nan             nan             nan             nan          HIDESS 
       HD199665   2454305.15857        82.06051         4.15066             nan             nan             nan             nan             nan             nan          HIDESS 
       HD199665   2454338.06582        43.98097         4.19219             nan             nan             nan             nan             nan             nan          HIDESS 
       HD199665   2454378.14710        22.03797         6.74704             nan             nan             nan             nan             nan             nan          HIDESS 
       HD199665   2454415.97151        17.86752         4.37896             nan             nan             nan             nan             nan             nan          HIDESS 
       HD199665   2454460.91896       -51.91893         4.11966         9.53778       206.33837         8.09768         0.18432         0.07845         1.00000          HIDESS 
       HD199665   2454558.32208       -97.51215         5.26615         9.55643        91.34347        10.67102         0.23115         0.13717         1.00000          HIDESS 
       HD199665   2454587.31312      -102.08691         9.89068         9.52374       183.31751        27.58535         0.19498         0.08681         1.00000          HIDESS 
       HD199665   2454588.29749      -109.36526         4.85432         9.60571       142.64787         9.67984         0.18014         0.03642         1.00000          HIDESS 
       HD199665   2454624.27453      -136.16421         4.84240         9.53597       187.62133         9.18133         0.18479         0.02808         1.00000          HIDESS 
       HD199665   2454672.11418      -141.71149         3.77432         9.49948       163.99733         5.26845         0.17291         0.01429         1.00000          HIDESS 
       HD199665   2454703.11930      -119.36213        10.11359         9.42751       175.19731        22.98206         0.16016         0.06670         1.00000          HIDESS 
       HD199665   2454704.05144      -117.12438         4.10331         9.54078       195.47848         6.93014         0.19844         0.01803         1.00000          HIDESS 
       HD199665   2454756.08581       -95.21935         4.23263         9.49845       249.41698        10.15666         0.07137         0.02552         1.00000          HIDESS 
       HD199665   2454756.97619       -88.89097         3.64642         9.56414       215.40885         6.02472         0.21544         0.01973         1.00000          HIDESS 
       HD199665   2454800.91245       -96.57488         3.98620         9.58000       145.42241         5.71084         0.16908         0.02256         1.00000          HIDESS 
       HD199665   2454817.95769       -88.02362         5.55073         9.57180       182.42828         8.89394         0.13741         0.06629         1.00000          HIDESS 
       HD199665   2454818.92867       -84.01159         4.63823         9.57549       168.38542         7.07998         0.23617         0.04905         1.00000          HIDESS 
       HD199665   2454983.24288        34.15344         4.33134         9.54787       150.91452         6.98506         0.14891         0.02162         1.00000          HIDESS 
       HD199665   2455036.17652       125.04918         6.33607         9.45168       162.67252        10.09773         0.29316         0.05161         1.00000          HIDESS 
       HD199665   2455107.94434        97.04858         5.07744         9.47119       152.61309        11.47978         0.13953         0.02659         1.00000          HIDESS 
       HD199665   2455137.05751        98.74672         4.38237         9.49439       160.70697         6.46788         0.15830         0.02684         1.00000          HIDESS 
       HD199665   2455165.89072       126.31948         3.57270         9.53342       184.58837         6.04658         0.19997         0.01850         1.00000          HIDESS 
       HD199665   2455350.30371        45.49583         3.82937         9.47074       196.74094         6.38976         0.22007         0.02119         1.00000          HIDESS 
       HD199665   2455470.96215       -75.28707         4.02663         9.44404       201.81039         5.33393         0.16714         0.01343         1.00000          HIDESS 
       HD199665   2455787.13184      -106.08042         4.58069         9.52721       187.33983         7.03430         0.14250         0.02246         1.00000          HIDESS 
       HD199665   2455797.98864       -58.08290         3.56716         9.83300       132.88232         4.95488             nan             nan             nan         HIDESF1 
       HD199665   2455811.96874       -42.36094         2.63258         9.83110       151.70935         5.43998             nan             nan             nan         HIDESF1 
       HD199665   2455812.12130       -39.11436         3.91198         9.83194       145.12114         8.14950             nan             nan             nan         HIDESF1 
       HD199665   2455812.98293       -37.37635         3.11360         9.85111       149.83426         6.32110             nan             nan             nan         HIDESF1 
       HD199665   2455813.06560       -42.66119         3.02010         9.82588       152.20527         5.58612             nan             nan             nan         HIDESF1 
       HD199665   2455813.97971       -40.78482         3.05022         9.83315       150.42435         4.32583             nan             nan             nan         HIDESF1 
       HD199665   2455814.08166       -41.51122         2.98536         9.81577       149.04390         4.33346             nan             nan             nan         HIDESF1 
       HD199665   2455815.13367       -39.13580         4.08007         9.78364       139.67564         6.20356             nan             nan             nan         HIDESF1 
       HD199665   2455815.98949       -33.78688         2.86922         9.82749       148.14237         3.88199             nan             nan             nan         HIDESF1 
       HD199665   2455816.11383       -46.58704         2.88350         9.81431       142.26884         4.11692             nan             nan             nan         HIDESF1 
       HD199665   2455816.99864       -38.13456         2.90974         9.80410       141.76053         3.44088             nan             nan             nan         HIDESF1 
       HD199665   2455817.10356       -37.18243         4.02358         9.77275       137.04923         6.91849             nan             nan             nan         HIDESF1 
       HD199665   2455841.92050       -28.73334         3.10098         9.81595       160.22853         5.89929             nan             nan             nan         HIDESF1 
       HD199665   2455841.97210       -20.35214         2.83576         9.83218       139.51364         4.95500             nan             nan             nan         HIDESF1 
       HD199665   2455842.10477       -23.43713         3.65565         9.79847       146.47124         8.97729             nan             nan             nan         HIDESF1 
       HD199665   2455843.07825       -30.26674         3.13814         9.81482       151.90426         8.00800             nan             nan             nan         HIDESF1 
       HD199665   2455844.00577       -15.78035         4.58387         9.77351       135.11012        10.24163             nan             nan             nan         HIDESF1 
       HD199665   2455844.10385       -21.44759         3.44011         9.90280       162.88315        10.03092             nan             nan             nan         HIDESF1 
       HD199665   2455844.93699       -26.41840         2.89748         9.80744       156.45292         5.04710             nan             nan             nan         HIDESF1 
       HD199665   2456142.20945       105.29854         4.41392         9.45962       194.28080         6.65437         0.15947         0.02041         1.00000          HIDESS 
       HD199665   2456162.08155        99.89035         4.27780         9.48968       178.93718         5.18959         0.17469         0.01507         1.00000          HIDESS 
       HD199665   2456553.02706       -78.63783         3.51363         9.86660       138.60919         5.84895             nan             nan             nan         HIDESF1 
       HD199665   2456647.92205       -94.06600         4.88370         9.90123       167.57761        15.26974             nan             nan             nan         HIDESF1 
       HD199665   2457135.31123        93.49997         4.34719         9.45520       127.95082         7.16752         0.13983         0.03395         1.00000          HIDESS 
       HD199665   2457169.29532       123.90036         3.84384         9.84866       139.83154         7.81314             nan             nan             nan         HIDESF1 
       HD199665   2457234.20013        77.76626         3.71374         9.41737       192.03558         6.49296         0.19256         0.02111         1.00000          HIDESS 
       HD199665   2457238.13881       105.51009         3.10144         9.87650       153.25517         5.59256             nan             nan             nan         HIDESF1 
       HD199665   2457238.19271       106.20652         3.33266         9.85164       140.49459         5.06386             nan             nan             nan         HIDESF1 
       HD199665   2457238.26115       112.48567         3.63429         9.85327       136.28542         7.37002             nan             nan             nan         HIDESF1 
       HD199665   2457262.05341        92.43941         3.35245         9.83613       136.09985         5.29090             nan             nan             nan         HIDESF1 
       HD199665   2457284.04143        89.52313         3.57315         9.83905       153.65482         7.46205             nan             nan             nan         HIDESF1 
       HD199665   2457306.95402        62.62187         3.65103         9.82982       172.18707        11.28961             nan             nan             nan         HIDESF1 
       HD199665   2457318.97476        55.82840         3.59570         9.81282       159.63016         7.66523             nan             nan             nan         HIDESF1 
       HD199665   2457321.94211        52.22888         3.65239         9.81851       150.29016         6.01641             nan             nan             nan         HIDESF1 
       HD199665   2457401.87228       -14.99886         4.39650         9.83412       161.83846        16.23108             nan             nan             nan         HIDESF1 
       HD199665   2457513.30222       -94.33118         4.10970         9.44832       141.44824         5.64035         0.20127         0.02169         1.00000          HIDESS 
       HD199665   2457591.28620       -95.38667         4.23355         9.82184       152.11899         6.80696             nan             nan             nan         HIDESF1 
       HD199665   2457630.06209       -95.29949         3.59935         9.83948       145.75108         5.65685             nan             nan             nan         HIDESF1 
       HD199665   2457952.20182        82.97184         4.58435         9.86637       134.57838         7.39462             nan             nan             nan         HIDESF1 
       HD199665   2458084.89737       120.82290         3.84702         9.82942       129.72998         6.75250             nan             nan             nan         HIDESF1 
       HD199665   2458609.27269      -100.23174         5.75536        10.10149       124.45932         8.89164             nan             nan             nan         HIDESF2 
       HD199665   2458721.17532       -63.80322         4.52481        10.18763       114.59022         7.44911             nan             nan             nan         HIDESF2 
       HD199665   2458793.00581       -36.54504         3.26801        10.13577       112.55439         6.58547             nan             nan             nan         HIDESF2 
       HD199665   2458793.95490       -36.84855         3.35242        10.13047       112.15738         5.31113             nan             nan             nan         HIDESF2 
       HD199665   2458801.97682       -25.03658         3.81418        10.14670        93.36689         8.02436             nan             nan             nan         HIDESF2 
       HD199665   2458806.95101       -21.48198         8.67163        10.14666       172.90615        18.11155             nan             nan             nan         HIDESF2 
       HD199665   2458807.94133       -43.86164         4.12776        10.13120       103.09731        10.01143             nan             nan             nan         HIDESF2 
       HD199665   2458810.89776       -25.07314         5.88338        10.12562       121.06187         9.68917             nan             nan             nan         HIDESF2 
       HD199665   2458824.91205       -25.56187         7.20427         9.87343       128.74464        15.21781             nan             nan             nan         HIDESF2 
       HD199665   2458826.90702       -22.56071         4.28362         9.84477        66.23934         6.19822             nan             nan             nan         HIDESF2 
       HD199665   2458832.89175       -20.28537         4.01122         9.87157       101.08830         7.97679             nan             nan             nan         HIDESF2 
       HD199665   2458942.34115        48.04859         5.68864         9.88104       104.83795        12.26034             nan             nan             nan         HIDESF2 
       HD199665   2458950.30415        65.84124         5.26697         9.88462        81.43667        12.59635             nan             nan             nan         HIDESF2 
       HD199665   2459101.06312       101.11643         5.17100         9.90053       100.97496        10.08135             nan             nan             nan         HIDESF2 
       HD199665   2459186.88747        96.36247         3.79010         9.89657       105.36988         9.72406             nan             nan             nan         HIDESF2 
       HD199665   2459192.87533       102.60171         3.25232         9.87404        98.41317         5.76192             nan             nan             nan         HIDESF2 
