       HD210702   2453215.08884        38.11448         3.73821             nan             nan             nan             nan             nan             nan          HIDESS 
       HD210702   2453307.00214       -23.10618         3.41949             nan             nan             nan             nan             nan             nan          HIDESS 
       HD210702   2453362.91206        -6.37256         3.47169             nan             nan             nan             nan             nan             nan          HIDESS 
       HD210702   2453608.23791        14.33911         3.93184             nan             nan             nan             nan             nan             nan          HIDESS 
       HD210702   2453661.15511       -14.95708         4.74417             nan             nan             nan             nan             nan             nan          HIDESS 
       HD210702   2453695.02656        -6.68039         3.69936             nan             nan             nan             nan             nan             nan          HIDESS 
       HD210702   2453726.91519        -1.79907         3.93174             nan             nan             nan             nan             nan             nan          HIDESS 
       HD210702   2453887.29833        45.82660         4.71363             nan             nan             nan             nan             nan             nan          HIDESS 
       HD210702   2453962.23380         6.67542         3.65207             nan             nan             nan             nan             nan             nan          HIDESS 
       HD210702   2453974.13566       -10.65790         3.76866             nan             nan             nan             nan             nan             nan          HIDESS 
       HD210702   2454018.06367       -31.50606         3.86991             nan             nan             nan             nan             nan             nan          HIDESS 
       HD210702   2454051.04353       -25.65113         4.27937             nan             nan             nan             nan             nan             nan          HIDESS 
       HD210702   2454088.91543        -5.90747         2.83567             nan             nan             nan             nan             nan             nan          HIDESS 
       HD210702   2454107.92237         5.99554         6.43166             nan             nan             nan             nan             nan             nan          HIDESS 
       HD210702   2454258.28457        47.24536         3.99390             nan             nan             nan             nan             nan             nan          HIDESS 
       HD210702   2454305.16872        10.57596         3.56295             nan             nan             nan             nan             nan             nan          HIDESS 
       HD210702   2454338.14194        -4.45179         4.04596             nan             nan             nan             nan             nan             nan          HIDESS 
       HD210702   2454350.11735       -10.79611         4.07701             nan             nan             nan             nan             nan             nan          HIDESS 
       HD210702   2454378.17947       -20.96799         4.91105             nan             nan             nan             nan             nan             nan          HIDESS 
       HD210702   2454416.00622       -19.17753         3.34615             nan             nan             nan             nan             nan             nan          HIDESS 
       HD210702   2454460.96689        11.38119         3.39310         8.94194       200.59113         7.38650         0.13937         0.04072         1.00000          HIDESS 
       HD210702   2454589.29477        51.78057         3.61423         8.95199        77.84599         5.64187         0.13998         0.03455         1.00000          HIDESS 
       HD210702   2454673.26033        -3.87076         3.34721         8.93293       160.84585         4.86975         0.14860         0.01605         1.00000          HIDESS 
       HD210702   2454702.28004       -15.88296         6.17898         8.90670       165.92633        17.20278         0.15936         0.08046         1.00000          HIDESS 
       HD210702   2454756.09782       -17.87130         3.54564         8.85321       197.87365         6.37805         0.12586         0.02413         1.00000          HIDESS 
       HD210702   2454795.97920        -1.82806         4.11848         8.94826       161.19340         8.25279         0.15098         0.02797         1.00000          HIDESS 
       HD210702   2454817.97259        18.65411         3.74775         8.90555       155.04999         6.70418         0.15319         0.03105         1.00000          HIDESS 
       HD210702   2454983.27138        42.89056         4.37290         8.97536       131.86413        10.40092         0.94455         0.11377         0.00000          HIDESS 
       HD210702   2455108.06814       -13.63696         3.77260         8.90239       142.71736         6.14326         0.13437         0.01660         1.00000          HIDESS 
       HD210702   2455132.06011       -13.54348         3.91938         8.88586       161.67575         5.35863         0.12684         0.02041         1.00000          HIDESS 
       HD210702   2455159.05593         6.30274         3.15507         8.87817       196.19146         7.15984         0.10615         0.03505         1.00000          HIDESS 
       HD210702   2455185.87512        22.24058         3.22469         8.88254       141.15389         4.33875         0.15249         0.01743         1.00000          HIDESS 
       HD210702   2455399.17018       -11.81710         3.77652         8.80974       135.73336         3.53937         0.15204         0.01311         1.00000          HIDESS 
       HD210702   2455436.27666       -20.20981         3.87149         8.91869       151.47243         4.79913         0.15325         0.02098         1.00000          HIDESS 
       HD210702   2455503.01203        -7.80575         3.43989         8.85391       176.63343         6.02274         0.13688         0.01921         1.00000          HIDESS 
       HD210702   2455855.08189       -13.12097         4.35255         8.86941       148.32531         5.81779         0.13965         0.02408         1.00000          HIDESS 
       HD210702   2456553.03457       -21.95224         2.80401         9.27245       111.44694         4.58033             nan             nan             nan         HIDESF1 
       HD210702   2456609.04802        -0.46472         3.10120         9.23551       101.86887         5.70033             nan             nan             nan         HIDESF1 
       HD210702   2456859.22715       -27.75922         4.17265         9.29966       120.72421         9.48846             nan             nan             nan         HIDESF1 
       HD210702   2457004.89223        30.06108         2.80583         9.23926       104.26744         5.85024             nan             nan             nan         HIDESF1 
       HD210702   2457046.89559        49.11785         5.22135         8.89732       143.45067        11.17339         0.11482         0.05131         1.00000          HIDESS 
       HD210702   2457172.26217        -6.76940         3.42166         9.26789        68.77034         5.73977             nan             nan             nan         HIDESF1 
       HD210702   2457235.09725       -20.99225         3.12301         9.24169       110.66012         4.71812             nan             nan             nan         HIDESF1 
       HD210702   2457262.05839       -22.18407         3.31372         9.24711       114.58323         5.76508             nan             nan             nan         HIDESF1 
       HD210702   2457284.04866       -12.87762         2.95788         9.26756       123.39245         5.01505             nan             nan             nan         HIDESF1 
       HD210702   2457305.13067         4.18556         3.38878         9.25287       110.33544         6.02621             nan             nan             nan         HIDESF1 
       HD210702   2457401.89335        40.58711         2.96186         9.23412       113.47555         7.02965             nan             nan             nan         HIDESF1 
       HD210702   2457523.30551        -5.36879         3.57636         9.27127       122.30121         7.95208             nan             nan             nan         HIDESF1 
       HD210702   2457630.11107       -21.41079         2.84698         9.25466       140.80479         5.61546             nan             nan             nan         HIDESF1 
       HD210702   2457756.94313        35.47052         3.51215         9.26596       116.97559         9.12270             nan             nan             nan         HIDESF1 
       HD210702   2457952.17388       -15.46304         4.15274         9.26776        72.46928         5.63008             nan             nan             nan         HIDESF1 
       HD210702   2458085.02191        41.12716         3.12976         9.28242       114.41740         6.55628             nan             nan             nan         HIDESF1 
       HD210702   2458477.93852         8.82142         3.07149         9.56162        90.52312         5.50166             nan             nan             nan         HIDESF2 
       HD210702   2458655.15522       -27.35088         4.21677         9.55986        67.60573         5.25595             nan             nan             nan         HIDESF2 
       HD210702   2458825.95038         7.84761         2.82884         9.25372        78.40457         6.17986             nan             nan             nan         HIDESF2 
       HD210702   2459192.89518         3.72403         2.59501         9.26068        62.88772         4.53536             nan             nan             nan         HIDESF2 
