       HD219615   2452489.21490        -1.37033         4.91345             nan             nan             nan             nan             nan             nan          HIDESS 
       HD219615   2452509.10154        -2.80913         4.40911             nan             nan             nan             nan             nan             nan          HIDESS 
       HD219615   2452541.17953        12.19829         4.30430             nan             nan             nan             nan             nan             nan          HIDESS 
       HD219615   2452570.08150        -2.49038         4.19694             nan             nan             nan             nan             nan             nan          HIDESS 
       HD219615   2452652.90057       -20.77523         4.04099             nan             nan             nan             nan             nan             nan          HIDESS 
       HD219615   2452857.18149        36.39551         4.74448             nan             nan             nan             nan             nan             nan          HIDESS 
       HD219615   2452896.10457        -9.49621         5.04927             nan             nan             nan             nan             nan             nan          HIDESS 
       HD219615   2452923.16784        16.31816         4.84034             nan             nan             nan             nan             nan             nan          HIDESS 
       HD219615   2452991.00131        -8.91094         9.24787             nan             nan             nan             nan             nan             nan          HIDESS 
       HD219615   2452991.96366        -5.13751         4.51996             nan             nan             nan             nan             nan             nan          HIDESS 
       HD219615   2452994.90960         6.13135         4.92820             nan             nan             nan             nan             nan             nan          HIDESS 
       HD219615   2453023.92500       -11.39161         4.51255             nan             nan             nan             nan             nan             nan          HIDESS 
       HD219615   2453201.20008         2.14214         5.46245             nan             nan             nan             nan             nan             nan          HIDESS 
       HD219615   2453201.21246         0.09951         5.69178             nan             nan             nan             nan             nan             nan          HIDESS 
       HD219615   2453404.90668       -46.66861         5.42729             nan             nan             nan             nan             nan             nan          HIDESS 
       HD219615   2453612.16769        51.59985         4.42864             nan             nan             nan             nan             nan             nan          HIDESS 
       HD219615   2453962.32079       -27.97380         5.03600             nan             nan             nan             nan             nan             nan          HIDESS 
       HD219615   2454091.93916        36.52115         3.60935             nan             nan             nan             nan             nan             nan          HIDESS 
       HD219615   2454340.16558        30.26011         5.00439             nan             nan             nan             nan             nan             nan          HIDESS 
       HD219615   2454675.30796         5.57080         3.78683         9.43747       241.90545         6.91211         0.16468         0.02151         1.00000          HIDESS 
       HD219615   2454763.98340        13.91653         4.64066         9.47911       174.99201         9.33595         0.12376         0.02340         1.00000          HIDESS 
       HD219615   2455135.13948       -25.51405         4.72113         9.49170       238.33552        15.56103         0.22892         0.10891         1.00000          HIDESS 
       HD219615   2455187.95679        27.18004         4.22056         9.46658       229.85567         8.23547         0.10527         0.02831         1.00000          HIDESS 
       HD219615   2455401.30717        82.12230         4.24248         9.39852       221.76154         5.24941         0.15630         0.01455         1.00000          HIDESS 
       HD219615   2455477.13683        47.83079         4.24470         9.43731       226.11516         6.15389         0.15137         0.01947         1.00000          HIDESS 
       HD219615   2455882.02513        43.26064         3.50144         9.46151       217.06866         5.80123         0.14714         0.01801         1.00000          HIDESS 
       HD219615   2456508.25287        75.01661         5.87739         9.44863       200.78235        11.17585         0.11173         0.02843         1.00000          HIDESS 
       HD219615   2456516.27653        50.57286         5.39342         9.82002       154.78099        14.19173             nan             nan             nan         HIDESF1 
       HD219615   2456517.27001        42.16293         4.26814         9.80646       144.74732         8.96335             nan             nan             nan         HIDESF1 
       HD219615   2456534.09513        31.04358         4.60287         9.82147       158.93905         8.28750             nan             nan             nan         HIDESF1 
       HD219615   2456553.09058         1.13830         4.38825         9.76044       147.43459        13.07571             nan             nan             nan         HIDESF1 
       HD219615   2456554.03403       -13.25676         4.21132         9.78110       168.11126        10.68259             nan             nan             nan         HIDESF1 
       HD219615   2456576.03420       -37.82893         4.17773         9.39404       201.41864         6.21382         0.14996         0.01672         1.00000          HIDESS 
       HD219615   2456578.13958       -42.53697         4.30987         9.42518       206.98440         8.16961         0.11876         0.02086         1.00000          HIDESS 
       HD219615   2456579.04366       -40.77200         4.39065         9.40168       206.03169         7.14404         0.12713         0.01586         1.00000          HIDESS 
       HD219615   2456595.14297       -58.10876         4.72505         9.84729       165.98319        12.85328             nan             nan             nan         HIDESF1 
       HD219615   2456596.01147       -43.74929         4.61374         9.82846       172.74232        11.70369             nan             nan             nan         HIDESF1 
       HD219615   2456604.99340       -30.36554         4.21945         9.81060       156.57833        10.21144             nan             nan             nan         HIDESF1 
       HD219615   2456605.98702       -53.39053         3.16403         9.78417       160.42286         5.48368             nan             nan             nan         HIDESF1 
       HD219615   2456607.97890       -31.83724         3.72759         9.85390       167.84235         9.59771             nan             nan             nan         HIDESF1 
       HD219615   2456617.99083        -4.99740         3.88307         9.42406       226.37149         9.77858         0.15096         0.03975         1.00000          HIDESS 
       HD219615   2456619.06435       -14.33674         4.00946         9.43863       220.47138        10.29078         0.12357         0.04066         1.00000          HIDESS 
       HD219615   2456625.90156       -14.60089         3.34710         9.86066       159.36634         7.97957             nan             nan             nan         HIDESF1 
       HD219615   2456628.04856       -20.84716         3.10734         9.85752       146.87471         7.31266             nan             nan             nan         HIDESF1 
       HD219615   2456638.93557        -5.38867         3.08491         9.87178       166.56704         6.31503             nan             nan             nan         HIDESF1 
       HD219615   2456651.86808         3.99397         5.15526             nan             nan             nan             nan             nan             nan         HIDESF1 
       HD219615   2456666.90857       -35.31977         3.88996         9.53789       181.40139         9.50975         0.11527         0.02504         1.00000          HIDESS 
       HD219615   2456678.90379       -41.48610         4.08153         9.92657       180.61750        11.80745             nan             nan             nan         HIDESF1 
       HD219615   2456863.21234        13.98690         3.59350         9.79637       149.57654         4.82820             nan             nan             nan         HIDESF1 
       HD219615   2456864.22322        10.21509         4.85425         9.79775       170.89807         9.98041             nan             nan             nan         HIDESF1 
       HD219615   2456908.06358         0.62629         3.74160         9.79247       165.55614         5.13523             nan             nan             nan         HIDESF1 
       HD219615   2456935.11855        -2.02622         6.56979         9.89970       137.67902        10.07940             nan             nan             nan         HIDESF1 
       HD219615   2456947.04918        32.37896         3.80789         9.78615       152.33032         6.58996             nan             nan             nan         HIDESF1 
       HD219615   2456948.04173        27.12953         3.75549         9.82047       141.00789         6.40648             nan             nan             nan         HIDESF1 
       HD219615   2456965.08289        50.60956         2.88431         9.86267       163.62175         4.91924             nan             nan             nan         HIDESF1 
       HD219615   2456965.08655        49.30579         3.57536         9.86377       145.86605         7.06964             nan             nan             nan         HIDESF1 
       HD219615   2456990.92392        47.87256         3.97487         9.82516       155.34605        11.09961             nan             nan             nan         HIDESF1 
       HD219615   2457000.92443        31.52206         3.24908         9.81749       151.51878         7.19461             nan             nan             nan         HIDESF1 
       HD219615   2457003.91496        42.67668         3.59884         9.84021       155.74019         7.00392             nan             nan             nan         HIDESF1 
       HD219615   2457005.93372        47.15471         3.37535         9.82900       164.25540         7.77519             nan             nan             nan         HIDESF1 
       HD219615   2457025.97004        50.12598         2.75419         9.82636       149.86121         7.35727             nan             nan             nan         HIDESF1 
       HD219615   2457234.26082       -42.71591         3.84987         9.36970       195.58801         5.57389         0.14217         0.01466         1.00000          HIDESS 
       HD219615   2457237.18876       -53.36445         3.53629         9.81334       153.29858         5.16835             nan             nan             nan         HIDESF1 
       HD219615   2457262.12303       -50.61562         3.89472         9.78941       181.96693         6.17631             nan             nan             nan         HIDESF1 
       HD219615   2457305.12676       -40.58999         4.03837         9.84730       145.40568         7.88766             nan             nan             nan         HIDESF1 
       HD219615   2457307.09256       -64.26041         4.00502         9.81302       161.33894         8.02910             nan             nan             nan         HIDESF1 
       HD219615   2457321.95539       -57.88182         4.51690         9.79618       152.39768        11.47639             nan             nan             nan         HIDESF1 
       HD219615   2457329.02489       -22.83155         4.48762         9.44328       192.59533         6.64486         0.14337         0.01762         1.00000          HIDESS 
       HD219615   2457331.05635       -23.48979         2.74469         9.79983       151.87672         6.33937             nan             nan             nan         HIDESF1 
       HD219615   2457368.00512         0.71588         2.86184         9.82228       160.52452         5.56995             nan             nan             nan         HIDESF1 
       HD219615   2457391.91835         1.47125         3.40411         9.83900       166.74874         9.59400             nan             nan             nan         HIDESF1 
       HD219615   2457401.88847       -16.57680         3.51404         9.83051       165.59651         7.09643             nan             nan             nan         HIDESF1 
       HD219615   2457402.89225       -15.29079         4.26649         9.85408       187.61799        16.89333             nan             nan             nan         HIDESF1 
       HD219615   2457591.23141         1.13664         4.23203         9.83429       169.30337         6.78175             nan             nan             nan         HIDESF1 
       HD219615   2457592.15225         6.36668         4.14083         9.78119       156.52014         5.42558             nan             nan             nan         HIDESF1 
       HD219615   2457593.21233        -4.97316         4.01543         9.81585       156.29227         7.80311             nan             nan             nan         HIDESF1 
       HD219615   2457626.11476        25.51035         4.69938         9.78486       170.88812         8.50212             nan             nan             nan         HIDESF1 
       HD219615   2457676.09980        14.57686         3.25127         9.80086       159.99743         5.17741             nan             nan             nan         HIDESF1 
       HD219615   2457721.95629       -16.18387         3.35632         9.81723       169.53553         9.65932             nan             nan             nan         HIDESF1 
       HD219615   2457741.92341        -1.81912         4.26554         9.79682       193.74780        15.02728             nan             nan             nan         HIDESF1 
       HD219615   2457756.95687        19.01142         3.84584         9.81894       173.65702        11.45484             nan             nan             nan         HIDESF1 
       HD219615   2457908.27702         8.64007         4.30666         9.79916       161.88441        10.06470             nan             nan             nan         HIDESF1 
       HD219615   2457923.22898        -3.92826         3.63051         9.80703       187.22851         8.05027             nan             nan             nan         HIDESF1 
       HD219615   2457950.15247       -27.17373         5.77886         9.83681       157.38778        17.13226             nan             nan             nan         HIDESF1 
       HD219615   2457984.13772       -50.01491         4.85134         9.78480       155.36458        10.55159             nan             nan             nan         HIDESF1 
       HD219615   2458022.16039        24.00521         3.94541         9.81646       153.00485        10.16969             nan             nan             nan         HIDESF1 
       HD219615   2458082.98732        49.11776         6.62978         9.81616       134.52153        15.58959             nan             nan             nan         HIDESF1 
       HD219615   2458085.03591        31.76520         3.63928         9.78496       173.80920        11.15999             nan             nan             nan         HIDESF1 
       HD219615   2458093.90896        50.18859         3.64038         9.78979       149.93263         7.50102             nan             nan             nan         HIDESF1 
