       HD219139   2453025.89180         9.66023         4.50433             nan             nan             nan             nan             nan             nan          HIDESS 
       HD219139   2453245.20394         8.62817         3.74643             nan             nan             nan             nan             nan             nan          HIDESS 
       HD219139   2453332.02525        26.78718         3.41270             nan             nan             nan             nan             nan             nan          HIDESS 
       HD219139   2453582.23427       -23.89754         6.73487             nan             nan             nan             nan             nan             nan          HIDESS 
       HD219139   2453656.19256       -12.55543         3.57333             nan             nan             nan             nan             nan             nan          HIDESS 
       HD219139   2453693.06602         2.89391         3.13326             nan             nan             nan             nan             nan             nan          HIDESS 
       HD219139   2453728.90334        -9.65174         4.74837             nan             nan             nan             nan             nan             nan          HIDESS 
       HD219139   2453743.95951       -17.85647         4.03507             nan             nan             nan             nan             nan             nan          HIDESS 
       HD219139   2453775.89906       -27.13057         4.49176             nan             nan             nan             nan             nan             nan          HIDESS 
       HD219139   2453975.11846         5.01422         8.40826             nan             nan             nan             nan             nan             nan          HIDESS 
       HD219139   2453987.07802        26.37181         4.86637             nan             nan             nan             nan             nan             nan          HIDESS 
       HD219139   2454089.03625        18.03669         4.42975             nan             nan             nan             nan             nan             nan          HIDESS 
       HD219139   2454108.91205         0.85076        10.59169             nan             nan             nan             nan             nan             nan          HIDESS 
       HD219139   2454256.28675       -14.41200         6.20026             nan             nan             nan             nan             nan             nan          HIDESS 
       HD219139   2454338.19321        20.68064         5.22313             nan             nan             nan             nan             nan             nan          HIDESS 
       HD219139   2454380.14474         7.04392         4.50571             nan             nan             nan             nan             nan             nan          HIDESS 
       HD219139   2454677.29422        15.93831         3.63742         9.41584       231.20457         6.70907         0.13708         0.02241         1.00000          HIDESS 
       HD219139   2455135.15069       -41.91292         4.57894         9.44196       220.50657        10.80956         0.13266         0.06464         1.00000          HIDESS 
       HD219139   2455187.96573       -34.97933         4.13769         9.44843       212.57232         8.34309         0.13215         0.03050         1.00000          HIDESS 
       HD219139   2455409.25112        -0.94660         4.31629         9.40431       185.23711         8.62774         0.12065         0.02480         1.00000          HIDESS 
       HD219139   2455410.14952       -25.21001         3.95668         9.42870       200.93197         5.74558         0.13750         0.02184         1.00000          HIDESS 
       HD219139   2455503.06538       -28.26721         3.94057         9.45051       212.32538         8.06606         0.13146         0.02332         1.00000          HIDESS 
       HD219139   2455851.05775        12.47450         3.32145         9.42353       225.64599         7.29662         0.13844         0.01700         1.00000          HIDESS 
       HD219139   2456507.14529       -13.94982         8.68556         9.47862       174.29839        19.65274         0.22762         0.08870         1.00000          HIDESS 
       HD219139   2456510.22476         4.24803         5.82707             nan             nan             nan         0.13780         0.04823         1.00000          HIDESS 
       HD219139   2456514.16929         8.56314         4.87192         9.78742       147.21655         4.88312             nan             nan             nan         HIDESF1 
       HD219139   2456516.17730        15.21150         5.20586         9.76838       158.43216         7.16567             nan             nan             nan         HIDESF1 
       HD219139   2456534.09067        -8.65330         5.89081         9.81376       166.54748         8.43156             nan             nan             nan         HIDESF1 
       HD219139   2456553.09428       -33.51236         4.74935         9.81251       150.05957         5.88252             nan             nan             nan         HIDESF1 
       HD219139   2456554.03865       -15.91266         4.40906         9.80518       180.13858         5.50939             nan             nan             nan         HIDESF1 
       HD219139   2456576.08560        12.15085         3.98022         9.43275       179.23266         6.73250         0.12480         0.02568         1.00000          HIDESS 
       HD219139   2456578.11608        -6.61493         3.81153         9.43889       223.10832         9.55780         0.12023         0.02291         1.00000          HIDESS 
       HD219139   2456578.95202        11.12007         4.06064         9.45190       170.43917         9.00752         0.12874         0.03414         1.00000          HIDESS 
       HD219139   2456579.05135        -6.13990         3.51123         9.48511       184.62437         7.50293         0.14416         0.02564         1.00000          HIDESS 
       HD219139   2456579.06432        -4.32761         4.13980         9.46640       190.94494         7.22394         0.12958         0.02730         1.00000          HIDESS 
       HD219139   2456579.20916       -11.85286         4.87665         9.45197       219.61880        15.98559         0.32668         0.15843         0.00000          HIDESS 
       HD219139   2456580.12718         7.20879         4.28811         9.41128       190.16708        11.52350         0.13198         0.03890         1.00000          HIDESS 
       HD219139   2456595.14679         1.29159         5.25540         9.82789       159.10198         9.65171             nan             nan             nan         HIDESF1 
       HD219139   2456596.00604         0.58528         4.77335         9.77346       164.68579         7.54730             nan             nan             nan         HIDESF1 
       HD219139   2456604.92179         0.42031         4.40614         9.77745       177.85671         6.57286             nan             nan             nan         HIDESF1 
       HD219139   2456605.00094         3.58603        10.97791             nan             nan             nan             nan             nan             nan         HIDESF1 
       HD219139   2456605.10361         3.80198         4.71492         9.78667       157.13008        10.84085             nan             nan             nan         HIDESF1 
       HD219139   2456605.92234        10.30582         4.25645         9.78446       142.83913         7.12001             nan             nan             nan         HIDESF1 
       HD219139   2456607.03255        21.89685         5.23369         9.78727       150.25517         7.86422             nan             nan             nan         HIDESF1 
       HD219139   2456607.98462         2.87514         4.56204         9.78081       170.39976        10.28808             nan             nan             nan         HIDESF1 
       HD219139   2456608.88814         0.92712         3.56289         9.79575       168.85235         7.25363             nan             nan             nan         HIDESF1 
       HD219139   2456609.08759        -8.61933         4.53534         9.80144       178.60889        10.47892             nan             nan             nan         HIDESF1 
       HD219139   2456609.98789        11.21398         4.04825         9.80090       158.03344         6.89272             nan             nan             nan         HIDESF1 
       HD219139   2456614.97227         6.04494         3.89144         9.77957       150.53906         6.45243             nan             nan             nan         HIDESF1 
       HD219139   2456615.98097        17.94458         3.58500         9.77800       162.29149         6.54657             nan             nan             nan         HIDESF1 
       HD219139   2456616.98310        27.67565         3.39771         9.43885       206.46319         7.14022         0.10531         0.02226         1.00000          HIDESS 
       HD219139   2456617.99800        27.68235         3.38291         9.38102       199.41540         6.02048         0.13757         0.02872         1.00000          HIDESS 
       HD219139   2456619.09546        24.15828         4.86966         9.46077       196.20103        12.64069         0.14714         0.06371         1.00000          HIDESS 
       HD219139   2456624.99761        21.69866         4.06867         9.84744       170.43497         8.34197             nan             nan             nan         HIDESF1 
       HD219139   2456625.96814        19.34584         3.85860         9.81322       164.24635         7.96741             nan             nan             nan         HIDESF1 
       HD219139   2456628.09344        -6.55915         4.52251         9.86026       179.02117        16.39928             nan             nan             nan         HIDESF1 
       HD219139   2456637.90386         8.59482         4.70303         9.78902       182.47888        11.30516             nan             nan             nan         HIDESF1 
       HD219139   2456638.96384        21.58380         3.87950         9.86422       162.66607         6.42528             nan             nan             nan         HIDESF1 
       HD219139   2456648.88761        20.78804         7.35277         9.85751       175.11828        14.32892             nan             nan             nan         HIDESF1 
       HD219139   2456650.87700        22.35558         4.45160         9.80301       177.16373        11.24871             nan             nan             nan         HIDESF1 
       HD219139   2456651.87543        -2.43440         5.19529         9.86163       188.57444        13.34682             nan             nan             nan         HIDESF1 
       HD219139   2456663.97642        -6.95728         4.08101         9.86840       182.70195        10.18458             nan             nan             nan         HIDESF1 
       HD219139   2456666.89871        28.32452         4.23188         9.50554       187.27225        10.21765         0.12320         0.03542         1.00000          HIDESS 
       HD219139   2456671.92027        15.45966         6.92283             nan             nan             nan             nan             nan             nan         HIDESF1 
       HD219139   2456672.92064        22.16732         4.08719         9.90362       161.00525         8.26041             nan             nan             nan         HIDESF1 
       HD219139   2456678.92513        -9.83418         5.26436         9.79358       174.01618        13.65653             nan             nan             nan         HIDESF1 
       HD219139   2456680.92994        28.31688         4.36370         9.89606       178.41865        11.04836             nan             nan             nan         HIDESF1 
       HD219139   2456855.23439       -11.67877         5.05463         9.74360       157.30178         9.72795             nan             nan             nan         HIDESF1 
       HD219139   2456863.20666        17.58494         5.76027         9.77412       141.15691         4.65727             nan             nan             nan         HIDESF1 
       HD219139   2456864.21801        17.62932         5.00779         9.81091       140.24833         6.58790             nan             nan             nan         HIDESF1 
       HD219139   2456889.22270        24.88105         4.47585         9.38251       183.84594         5.41463         0.12155         0.01622         1.00000          HIDESS 
       HD219139   2456891.18027        31.15740         4.22874         9.37862       179.55960         5.60251         0.13977         0.01668         1.00000          HIDESS 
       HD219139   2456908.05941        42.96389         5.18137         9.79138       172.34831         6.80321             nan             nan             nan         HIDESF1 
       HD219139   2456934.00886        14.17489        13.03156             nan             nan             nan             nan             nan             nan         HIDESF1 
       HD219139   2456947.01527        23.50788         4.65758         9.76347       171.26792         6.77369             nan             nan             nan         HIDESF1 
       HD219139   2456948.04594        31.34865         4.80667         9.84178       152.17468         5.90849             nan             nan             nan         HIDESF1 
       HD219139   2456965.06523         8.76028         5.14946         9.79535       162.56565         9.56530             nan             nan             nan         HIDESF1 
       HD219139   2456972.06570         8.53484         3.60455         9.43742       212.02776         9.66072         0.21791         0.03546         1.00000          HIDESS 
       HD219139   2456973.03595        -3.29936         3.95865         9.43744       221.86924         8.03224         0.13821         0.02466         1.00000          HIDESS 
       HD219139   2456990.91827       -11.41461         3.83163         9.82057       169.59184         8.41463             nan             nan             nan         HIDESF1 
       HD219139   2457000.06040        -8.21356         4.62791         9.80923       163.61500        14.16165             nan             nan             nan         HIDESF1 
       HD219139   2457003.91973       -21.36185         4.67782         9.80892       159.83074         8.08999             nan             nan             nan         HIDESF1 
       HD219139   2457005.87719        -9.08355         3.73179         9.79498       164.21390         6.40588             nan             nan             nan         HIDESF1 
       HD219139   2457025.96518       -20.56082         3.21836         9.77371       153.27210         5.73481             nan             nan             nan         HIDESF1 
       HD219139   2457028.89181       -13.48903         3.36710         9.82137       166.46917         6.17962             nan             nan             nan         HIDESF1 
       HD219139   2457169.30031         7.33854         4.60270         9.80053       150.47889         8.96750             nan             nan             nan         HIDESF1 
       HD219139   2457235.12201        -3.27048         5.53095         9.80077       161.33140         7.93823             nan             nan             nan         HIDESF1 
       HD219139   2457237.19397       -11.58757         4.64555         9.78215       167.97431         5.70165             nan             nan             nan         HIDESF1 
       HD219139   2457327.06793       -50.07100         3.72940         9.45178       206.14811         7.15174         0.13872         0.02231         1.00000          HIDESS 
       HD219139   2457329.03301       -35.44056         3.86243         9.43767       196.34816         6.59098         0.13965         0.01839         1.00000          HIDESS 
       HD219139   2457331.05170       -56.91072         4.40138         9.80288       157.91012         5.80501             nan             nan             nan         HIDESF1 
       HD219139   2457367.99681       -45.30405         4.02587         9.80199       153.76737         6.71828             nan             nan             nan         HIDESF1 
       HD219139   2457391.91238        -9.54253         3.99585         9.78043       141.68522         6.76221             nan             nan             nan         HIDESF1 
       HD219139   2457542.31315        20.83836         8.03179             nan             nan             nan             nan             nan             nan         HIDESF1 
       HD219139   2457591.22406       -27.10334         4.50996         9.76668       161.41015         5.66186             nan             nan             nan         HIDESF1 
       HD219139   2457592.14750       -16.76771         5.07071         9.74395       135.31618         5.76893             nan             nan             nan         HIDESF1 
       HD219139   2457593.20533       -18.58105         4.78939         9.74870       133.90932         5.89033             nan             nan             nan         HIDESF1 
       HD219139   2457626.11103       -35.37797         5.51367         9.77275       168.45790         6.55600             nan             nan             nan         HIDESF1 
       HD219139   2457658.25848       -27.52913         5.73858         9.75640       148.69992         8.27988             nan             nan             nan         HIDESF1 
       HD219139   2457676.09659       -20.60897         4.88334         9.77840       167.70451         7.13714             nan             nan             nan         HIDESF1 
       HD219139   2457721.95233        19.33260         3.93917         9.80589       163.68363         6.63785             nan             nan             nan         HIDESF1 
       HD219139   2457743.95915         7.89210         8.53907         9.77963       184.67717         9.32930             nan             nan             nan         HIDESF1 
       HD219139   2457756.98461         0.95543         4.19407         9.79838       139.85777         8.53495             nan             nan             nan         HIDESF1 
       HD219139   2457908.23864       -18.36633         4.59659         9.76955       129.66496         5.68905             nan             nan             nan         HIDESF1 
       HD219139   2457923.22404       -25.47910         4.85694         9.75514       150.54039         7.82329             nan             nan             nan         HIDESF1 
       HD219139   2457950.14686        -4.83897         5.47449         9.84844       173.02267        12.67651             nan             nan             nan         HIDESF1 
       HD219139   2457961.15843       -14.79766         5.35959         9.87493       137.03885         5.76981             nan             nan             nan         HIDESF1 
       HD219139   2457986.13903       -11.16285         5.24894         9.87242       185.94394         7.22145             nan             nan             nan         HIDESF1 
       HD219139   2458022.14777        27.61182         4.70143         9.77175       142.94566         5.70792             nan             nan             nan         HIDESF1 
       HD219139   2458082.99366         3.90120         4.39113         9.77065       156.02766         9.41593             nan             nan             nan         HIDESF1 
       HD219139   2458100.89721        -5.88510         4.16305         9.75031       180.04477         9.89514             nan             nan             nan         HIDESF1 
