       HD221345   2453005.95545        20.22672         5.35664             nan             nan             nan             nan             nan             nan          HIDESS 
       HD221345   2453245.25095        86.45096         4.11703             nan             nan             nan             nan             nan             nan          HIDESS 
       HD221345   2453332.06984       -91.88771         3.27178             nan             nan             nan             nan             nan             nan          HIDESS 
       HD221345   2453579.17847        45.08990         3.31021             nan             nan             nan             nan             nan             nan          HIDESS 
       HD221345   2453599.31165        82.80530         8.63163             nan             nan             nan             nan             nan             nan          HIDESS 
       HD221345   2453607.13994       119.47877         4.58561             nan             nan             nan             nan             nan             nan          HIDESS 
       HD221345   2453635.21581        56.15155         4.18326             nan             nan             nan             nan             nan             nan          HIDESS 
       HD221345   2453656.17939       -18.85913         3.35013             nan             nan             nan             nan             nan             nan          HIDESS 
       HD221345   2453693.05332       -74.46598         3.47920             nan             nan             nan             nan             nan             nan          HIDESS 
       HD221345   2453719.95986       -62.36057         4.26080             nan             nan             nan             nan             nan             nan          HIDESS 
       HD221345   2453726.01478         2.14934         3.80872             nan             nan             nan             nan             nan             nan          HIDESS 
       HD221345   2453742.93661         3.43049         5.24589             nan             nan             nan             nan             nan             nan          HIDESS 
       HD221345   2453775.92165        80.83701         3.24548             nan             nan             nan             nan             nan             nan          HIDESS 
       HD221345   2453938.28371        48.47762         3.42501             nan             nan             nan             nan             nan             nan          HIDESS 
       HD221345   2453962.26295        98.52813         3.14386             nan             nan             nan             nan             nan             nan          HIDESS 
       HD221345   2453975.10839        86.16758         3.56791             nan             nan             nan             nan             nan             nan          HIDESS 
       HD221345   2454018.08729         3.25542         3.24365             nan             nan             nan             nan             nan             nan          HIDESS 
       HD221345   2454049.11255       -51.29290         5.02614             nan             nan             nan             nan             nan             nan          HIDESS 
       HD221345   2454089.01455      -107.13060         3.03587             nan             nan             nan             nan             nan             nan          HIDESS 
       HD221345   2454104.89161       -14.64247         5.36400             nan             nan             nan             nan             nan             nan          HIDESS 
       HD221345   2454115.88701         4.14575         3.15152             nan             nan             nan             nan             nan             nan          HIDESS 
       HD221345   2454142.90294        72.44508         3.23679             nan             nan             nan             nan             nan             nan          HIDESS 
       HD221345   2454219.28912       -50.58666         4.38128             nan             nan             nan             nan             nan             nan          HIDESS 
       HD221345   2454254.24714       -55.27509         5.65947             nan             nan             nan             nan             nan             nan          HIDESS 
       HD221345   2454305.17691        37.65087         3.50632             nan             nan             nan             nan             nan             nan          HIDESS 
       HD221345   2454338.15916        99.53409         4.93732             nan             nan             nan             nan             nan             nan          HIDESS 
       HD221345   2454349.14134        80.41343         3.45954             nan             nan             nan             nan             nan             nan          HIDESS 
       HD221345   2454378.16468        57.69702         3.45955             nan             nan             nan             nan             nan             nan          HIDESS 
       HD221345   2454384.05748        39.10368         4.16869             nan             nan             nan             nan             nan             nan          HIDESS 
       HD221345   2454415.94359       -39.43755         4.09799             nan             nan             nan             nan             nan             nan          HIDESS 
       HD221345   2454419.93574       -41.60232         4.96637             nan             nan             nan             nan             nan             nan          HIDESS 
       HD221345   2454460.00395       -58.24937         6.16410         9.87525       118.76451        18.62943         0.17263         0.05970         1.00000          HIDESS 
       HD221345   2454466.95051       -52.90012         3.12452         9.86084       179.45021         5.98257         0.13985         0.01847         1.00000          HIDESS 
       HD221345   2454491.89546        -8.38995         4.90511         9.81115       161.32810        15.68281         0.09277         0.03157         1.00000          HIDESS 
       HD221345   2454673.29944        27.01337         3.76683         9.85314       184.87095         7.53179         0.10860         0.01659         1.00000          HIDESS 
       HD221345   2454702.26613        32.76208         3.56205         9.85734       201.99036         5.96035         0.13954         0.01620         1.00000          HIDESS 
       HD221345   2454756.98851        56.21490         3.22720         9.78280       189.07121         4.89609         0.14983         0.01459         1.00000          HIDESS 
       HD221345   2454795.94473       -50.53958         3.24454         9.82450       188.36496         4.68839         0.16424         0.01402         1.00000          HIDESS 
       HD221345   2454818.00846       -74.41401         2.91451         9.78612       176.98973         6.00089         0.13644         0.01817         1.00000          HIDESS 
       HD221345   2455133.07840        33.94427         3.61029         9.74548       205.47785         6.09163         0.14190         0.01492         1.00000          HIDESS 
       HD221345   2455159.08790       -42.72196         3.15408         9.78546       178.01580         4.15596         0.14567         0.01397         1.00000          HIDESS 
       HD221345   2455184.01712       -97.02008         2.96533         9.84567       190.90437         6.16809         0.14428         0.01881         1.00000          HIDESS 
       HD221345   2455401.19596       -56.23587         3.80207         9.70546       139.81353         4.43693         0.12631         0.02183         1.00000          HIDESS 
       HD221345   2455441.08711        42.06018         3.54706         9.76353       176.29491         4.55020         0.12923         0.01425         1.00000          HIDESS 
       HD221345   2455507.13535         5.17497         3.52401         9.74850       186.50038         4.91544         0.13795         0.01863         1.00000          HIDESS 
       HD221345   2455554.96792       -44.01097         3.67813         9.79431       166.35419         7.42175         0.10749         0.02170         1.00000          HIDESS 
       HD221345   2455758.21730       -46.35609         3.56607         9.75533       163.15070         5.35492         0.14663         0.01993         1.00000          HIDESS 
       HD221345   2455798.02390         2.93755         4.49150        10.08705       164.30605         7.03758             nan             nan             nan         HIDESF1 
       HD221345   2455810.29990        70.14895         3.39225         9.78403       180.61760         5.64280         0.13051         0.01937         1.00000          HIDESS 
       HD221345   2455811.99166        70.07776         4.22383        10.09033       173.40136         6.13595             nan             nan             nan         HIDESF1 
       HD221345   2455812.15502        35.57346         3.63052        10.09730       163.84476         3.96264             nan             nan             nan         HIDESF1 
       HD221345   2455812.34804        37.49017         4.00182        10.12591       157.86224         7.16760             nan             nan             nan         HIDESF1 
       HD221345   2455813.00378        50.72401         3.92470        10.11745       154.23337         5.61913             nan             nan             nan         HIDESF1 
       HD221345   2455813.08404        33.60029         3.82750        10.12026       185.19088         5.57526             nan             nan             nan         HIDESF1 
       HD221345   2455814.00411        44.38169         4.37224        10.13154       172.51070         5.48605             nan             nan             nan         HIDESF1 
       HD221345   2455814.10666        55.25480         3.47757        10.11107       162.53004         5.30709             nan             nan             nan         HIDESF1 
       HD221345   2455815.00193        70.60711         7.46206        10.18244       144.31056        15.67952             nan             nan             nan         HIDESF1 
       HD221345   2455815.16079        44.06488         6.42542        10.11179       222.09751        18.98707             nan             nan             nan         HIDESF1 
       HD221345   2455815.17538        39.65683         3.60903        10.11242       177.47163         5.29014             nan             nan             nan         HIDESF1 
       HD221345   2455815.97265        67.19843         3.79253        10.09612       157.29721         6.90822             nan             nan             nan         HIDESF1 
       HD221345   2455816.13627        40.98093         3.41069        10.13080       172.66971         4.63366             nan             nan             nan         HIDESF1 
       HD221345   2455817.03547        74.01724         3.84871        10.12212       178.51946         4.93555             nan             nan             nan         HIDESF1 
       HD221345   2455817.12528        60.04254         3.87527        10.10625       154.20166         5.16871             nan             nan             nan         HIDESF1 
       HD221345   2455842.00572        51.47708         4.70023        10.08137       193.02650         5.56016             nan             nan             nan         HIDESF1 
       HD221345   2455842.13400        68.24705         3.82495        10.09063       197.44334         4.98227             nan             nan             nan         HIDESF1 
       HD221345   2455843.11645        50.72492         3.83532        10.05453       199.93212         6.29738             nan             nan             nan         HIDESF1 
       HD221345   2455843.19334        36.74655         4.39332        10.09023       186.81513         7.87743             nan             nan             nan         HIDESF1 
       HD221345   2455844.03613        49.98459         5.25198        10.05273       184.38782        13.26387             nan             nan             nan         HIDESF1 
       HD221345   2455844.12472        70.20115         4.25872        10.11408       176.12321         9.92914             nan             nan             nan         HIDESF1 
       HD221345   2455844.96088        81.56301         4.18753        10.08285       181.03266         5.76572             nan             nan             nan         HIDESF1 
       HD221345   2455845.96715        45.27714         3.85243        10.12607       208.64437         7.45915             nan             nan             nan         HIDESF1 
       HD221345   2455845.97114        45.95881         3.97960        10.12745       206.50030         7.92488             nan             nan             nan         HIDESF1 
       HD221345   2455845.97515        44.41732         4.10969        10.09420       189.27356         7.40991             nan             nan             nan         HIDESF1 
       HD221345   2455845.97914        43.29349         4.27960        10.10717       196.12888         7.88441             nan             nan             nan         HIDESF1 
       HD221345   2455846.13920        68.26710         4.14830        10.10706       202.99999         7.45452             nan             nan             nan         HIDESF1 
       HD221345   2455846.14251        66.67438         4.12162        10.09436       195.35696         7.18857             nan             nan             nan         HIDESF1 
       HD221345   2455846.14588        67.75639         4.28493        10.08582       193.79674         7.32819             nan             nan             nan         HIDESF1 
       HD221345   2455846.14918        69.48898         4.15639        10.09772       190.42807         6.91509             nan             nan             nan         HIDESF1 
       HD221345   2455846.15255        71.84312         4.13841        10.07360       179.82301         7.21735             nan             nan             nan         HIDESF1 
       HD221345   2455846.21666        78.85587         4.02574        10.07423       180.67010         5.74113             nan             nan             nan         HIDESF1 
       HD221345   2455846.22418        77.93113         4.43380        10.08997       179.92152         5.86275             nan             nan             nan         HIDESF1 
       HD221345   2455911.91870      -111.68577         4.00826        10.09550       151.74584         5.20665             nan             nan             nan         HIDESF1 
       HD221345   2455912.87933      -134.35423         3.77067        10.05909       166.25201         5.32844             nan             nan             nan         HIDESF1 
       HD221345   2455912.94404      -119.54896         3.55381        10.05719       164.57646         5.41298             nan             nan             nan         HIDESF1 
       HD221345   2455913.88310       -95.09443         4.07670        10.10889       140.12239         7.19037             nan             nan             nan         HIDESF1 
       HD221345   2455914.88603       -94.84181         3.63886        10.05968       141.02712         4.37287             nan             nan             nan         HIDESF1 
       HD221345   2455915.97051      -132.30717         4.14147        10.06254       163.37919         9.16117             nan             nan             nan         HIDESF1 
       HD221345   2456554.05638        36.09023         2.70088        10.13262       169.00588         7.23676             nan             nan             nan         HIDESF1 
       HD221345   2456596.03863        66.18084         4.22424        10.10077       185.37422         9.14542             nan             nan             nan         HIDESF1 
       HD221345   2456609.07850        45.37515         4.38826        10.10411       181.50415         7.23578             nan             nan             nan         HIDESF1 
       HD221345   2456648.04935      -106.99414         4.61022        10.15343       147.54668        10.27723             nan             nan             nan         HIDESF1 
       HD221345   2456680.93701      -108.36623         4.16511        10.12624       156.75892         6.68312             nan             nan             nan         HIDESF1 
       HD221345   2457004.92924       -55.94643         4.69217        10.11974       161.69543         9.79772             nan             nan             nan         HIDESF1 
       HD221345   2457046.94326       -92.99244         3.03909         9.78522       153.46280         5.19043         0.14258         0.02103         1.00000          HIDESS 
       HD221345   2457067.90703      -107.10350         3.95230        10.16057       150.06740         8.22945             nan             nan             nan         HIDESF1 
       HD221345   2457174.28646        45.43585         3.84430        10.18935       177.19311         7.48738             nan             nan             nan         HIDESF1 
       HD221345   2457234.28681       -53.71487         3.89406         9.69357       154.84341         5.36470         0.14209         0.02273         1.00000          HIDESS 
       HD221345   2457236.14004      -151.89215         4.83816        10.12855       162.14112         5.22818             nan             nan             nan         HIDESF1 
       HD221345   2457236.26468       -88.14697         4.13516        10.12382       144.36403         5.37594             nan             nan             nan         HIDESF1 
       HD221345   2457237.09533      -109.86224         4.01691        10.11225       142.29095         5.12680             nan             nan             nan         HIDESF1 
       HD221345   2457237.21375       -75.41044         3.97674        10.07365       130.81420         4.08539             nan             nan             nan         HIDESF1 
       HD221345   2457238.07482      -100.04403         4.11562        10.11806       145.08174         6.58803             nan             nan             nan         HIDESF1 
       HD221345   2457238.15415      -106.91825         3.97147        10.07523       147.73154         5.51755             nan             nan             nan         HIDESF1 
       HD221345   2457238.19729       -91.11448         3.98974        10.08130       152.06338         5.03343             nan             nan             nan         HIDESF1 
       HD221345   2457238.26555       -67.81382         3.96436        10.13449       150.11907         5.90062             nan             nan             nan         HIDESF1 
       HD221345   2457238.32141       -69.67784         3.91440        10.11178       142.15929         5.36467             nan             nan             nan         HIDESF1 
       HD221345   2457261.98704      -117.82078         4.09657        10.09843       131.15269         5.04107             nan             nan             nan         HIDESF1 
       HD221345   2457262.15234       -83.58457         4.37552        10.10899       140.65659         5.27468             nan             nan             nan         HIDESF1 
       HD221345   2457283.98523       -31.00516         3.02856        10.12056       150.27957         5.72222             nan             nan             nan         HIDESF1 
       HD221345   2457304.14718        33.63025         3.94863        10.15143       167.12370         6.57883             nan             nan             nan         HIDESF1 
       HD221345   2457319.03621        41.29157         4.60098        10.08403       166.29290         7.52462             nan             nan             nan         HIDESF1 
       HD221345   2457321.95035        20.93001         5.45659        10.05765       184.46391        13.86971             nan             nan             nan         HIDESF1 
       HD221345   2457324.11192        51.64551         3.61795        10.10214       166.54082         6.56049             nan             nan             nan         HIDESF1 
       HD221345   2457331.97402        55.58817         5.27196        10.13268       149.42561         6.28857             nan             nan             nan         HIDESF1 
       HD221345   2457352.94768        16.10052         4.15902        10.10207       182.46051         7.54735             nan             nan             nan         HIDESF1 
       HD221345   2457361.07896       -26.68812         3.65663        10.08624       174.96652         4.98678             nan             nan             nan         HIDESF1 
       HD221345   2457378.04123       -42.76527         3.76709        10.11321       174.09331         5.85740             nan             nan             nan         HIDESF1 
       HD221345   2457389.88150       -68.75399         4.24477        10.10754       163.74067         7.57844             nan             nan             nan         HIDESF1 
       HD221345   2457400.88224       -83.13493         4.11468        10.09919       152.01032         6.05570             nan             nan             nan         HIDESF1 
       HD221345   2457630.33699      -110.11367         4.34863        10.12915       151.38610         6.39243             nan             nan             nan         HIDESF1 
       HD221345   2457676.09177         6.34914         4.23472        10.16468       193.17754         7.67473             nan             nan             nan         HIDESF1 
       HD221345   2457755.98074       -43.61687         4.31721        10.07806       154.54029         6.63457             nan             nan             nan         HIDESF1 
       HD221345   2457763.96096       -12.46013         3.95171        10.08932       153.04282         7.62732             nan             nan             nan         HIDESF1 
       HD221345   2457923.23746        29.39377         3.90006        10.12440       193.15566         6.29291             nan             nan             nan         HIDESF1 
       HD221345   2457951.30133       -37.69578         3.89669        10.10884       159.38883         6.48483             nan             nan             nan         HIDESF1 
       HD221345   2457985.10146      -142.64337         4.10449        10.12299       151.27701         6.17593             nan             nan             nan         HIDESF1 
       HD221345   2458085.10248        63.15829         3.82471        10.15163       173.09348         7.20410             nan             nan             nan         HIDESF1 
       HD221345   2458108.95012        54.92881         4.19553        10.13866       163.87756         5.90683             nan             nan             nan         HIDESF1 
       HD221345   2458741.05013       -66.65715         4.53988        10.45513       102.19841         4.04432             nan             nan             nan         HIDESF2 
       HD221345   2458742.32035       -76.70609         5.90907        10.50147       106.65091        11.86485             nan             nan             nan         HIDESF2 
       HD221345   2458743.25777       -44.75023         7.52182        10.51157        91.39028        13.91377             nan             nan             nan         HIDESF2 
       HD221345   2458752.09161       -93.14498         5.07100        10.44491       114.63960         8.35656             nan             nan             nan         HIDESF2 
       HD221345   2458754.18191       -61.10639         4.14501        10.48535       109.24237         5.99318             nan             nan             nan         HIDESF2 
       HD221345   2458765.07623       -12.87763         4.04553        10.51468       110.86608         5.56483             nan             nan             nan         HIDESF2 
       HD221345   2458766.15540       -76.92465         4.56438        10.51307       122.95842         6.26756             nan             nan             nan         HIDESF2 
       HD221345   2458771.15552       -41.49511         4.80197        10.49118       120.34340         6.05394             nan             nan             nan         HIDESF2 
       HD221345   2458772.23086       -32.34811         5.10792        10.57836       145.63038        12.74847             nan             nan             nan         HIDESF2 
       HD221345   2458772.95662       -36.54057         3.47764        10.49797       126.44982         5.20439             nan             nan             nan         HIDESF2 
       HD221345   2458776.19656         6.55980         4.81662        10.51602       137.35530         9.73874             nan             nan             nan         HIDESF2 
       HD221345   2458779.16154       -42.43789         5.80888        10.49295       152.36042        13.73741             nan             nan             nan         HIDESF2 
       HD221345   2458825.07935        64.09552         4.00116        10.22273       126.33836         6.88288             nan             nan             nan         HIDESF2 
       HD221345   2458841.02350       104.49178         5.80026        10.17807       129.01213         9.74302             nan             nan             nan         HIDESF2 
       HD221345   2458841.86444        96.63676         4.29592        10.20401       173.64085        13.62917             nan             nan             nan         HIDESF2 
       HD221345   2458846.00266        73.06376         3.47759        10.21705       126.27891         6.11511             nan             nan             nan         HIDESF2 
       HD221345   2458849.01852        72.28348         4.60978        10.21612       157.81751        10.91628             nan             nan             nan         HIDESF2 
       HD221345   2458849.97232        66.52345         3.65943        10.24982       147.80858         8.76340             nan             nan             nan         HIDESF2 
       HD221345   2458851.98314        88.26143         5.58892        10.12883       123.62953        11.11471             nan             nan             nan         HIDESF2 
       HD221345   2458852.97917        66.15070         4.38593        10.17541       162.47771        13.21467             nan             nan             nan         HIDESF2 
       HD221345   2458878.93740        14.33059         4.98115        10.20306       144.03895        11.69988             nan             nan             nan         HIDESF2 
       HD221345   2458965.32133         4.04540         5.85438        10.20220       107.36833        13.90789             nan             nan             nan         HIDESF2 
       HD221345   2459125.03993       -85.49700         4.57779        10.19386       121.50329         7.28126             nan             nan             nan         HIDESF2 
       HD221345   2459167.07760        -7.30888         4.41093        10.17271       113.78425         7.72058             nan             nan             nan         HIDESF2 
       HD221345   2459191.11505        77.14646         4.97385        10.24557       183.42095        17.47464             nan             nan             nan         HIDESF2 
       HD221345   2459337.31416       -52.86721         6.16660        10.12203       122.92149        13.69599             nan             nan             nan         HIDESF2 
