        HD28305   2453000.08751      -111.77145         3.08449             nan             nan             nan             nan             nan             nan          HIDESS 
        HD28305   2453080.01098       -58.76740         3.34316             nan             nan             nan             nan             nan             nan          HIDESS 
        HD28305   2453249.29932        72.70670         3.56365             nan             nan             nan             nan             nan             nan          HIDESS 
        HD28305   2453284.26884        87.52029         3.10502             nan             nan             nan             nan             nan             nan          HIDESS 
        HD28305   2453367.16718        94.46773         3.13514             nan             nan             nan             nan             nan             nan          HIDESS 
        HD28305   2453402.02994        61.36326         2.64616             nan             nan             nan             nan             nan             nan          HIDESS 
        HD28305   2453423.94587        58.63227         7.27117             nan             nan             nan             nan             nan             nan          HIDESS 
        HD28305   2453423.96297        58.03338         3.14857             nan             nan             nan             nan             nan             nan          HIDESS 
        HD28305   2453449.00036        38.56293         3.42821             nan             nan             nan             nan             nan             nan          HIDESS 
        HD28305   2453579.30691      -108.82264         3.93746             nan             nan             nan             nan             nan             nan          HIDESS 
        HD28305   2453600.26400       -97.29791         3.70296             nan             nan             nan             nan             nan             nan          HIDESS 
        HD28305   2453635.33144       -82.04015         3.75916             nan             nan             nan             nan             nan             nan          HIDESS 
        HD28305   2453659.23440       -68.38348         3.99129             nan             nan             nan             nan             nan             nan          HIDESS 
        HD28305   2453693.30657       -57.63730         3.61428             nan             nan             nan             nan             nan             nan          HIDESS 
        HD28305   2453720.20376       -36.42565         3.25785             nan             nan             nan             nan             nan             nan          HIDESS 
        HD28305   2453728.23111       -29.37961         3.01604             nan             nan             nan             nan             nan             nan          HIDESS 
        HD28305   2453741.10580       -14.32282         4.78952             nan             nan             nan             nan             nan             nan          HIDESS 
        HD28305   2453774.91451         9.04275         3.63845             nan             nan             nan             nan             nan             nan          HIDESS 
        HD28305   2453809.97922        49.47728         3.57693             nan             nan             nan             nan             nan             nan          HIDESS 
        HD28305   2453938.30819       100.85884         4.32326             nan             nan             nan             nan             nan             nan          HIDESS 
        HD28305   2453962.29584        85.69462         3.79731             nan             nan             nan             nan             nan             nan          HIDESS 
        HD28305   2454018.18833        32.85885         3.06830             nan             nan             nan             nan             nan             nan          HIDESS 
        HD28305   2454049.18968        15.18738         3.89203             nan             nan             nan             nan             nan             nan          HIDESS 
        HD28305   2454054.15493        12.03345         2.92079             nan             nan             nan             nan             nan             nan          HIDESS 
        HD28305   2454087.23212       -39.58827         3.22878             nan             nan             nan             nan             nan             nan          HIDESS 
        HD28305   2454104.95793       -52.68994         3.84816             nan             nan             nan             nan             nan             nan          HIDESS 
        HD28305   2454112.91936       -43.54985         3.06118             nan             nan             nan             nan             nan             nan          HIDESS 
        HD28305   2454112.98848       -46.88425         3.94614             nan             nan             nan             nan             nan             nan          HIDESS 
        HD28305   2454112.99331       -45.78297         6.44563             nan             nan             nan             nan             nan             nan          HIDESS 
        HD28305   2454112.99941       -40.77420         4.67849             nan             nan             nan             nan             nan             nan          HIDESS 
        HD28305   2454113.00425       -45.77448         4.47967             nan             nan             nan             nan             nan             nan          HIDESS 
        HD28305   2454113.00958       -35.82600         4.51681             nan             nan             nan             nan             nan             nan          HIDESS 
        HD28305   2454113.01407       -49.26759         6.06720             nan             nan             nan             nan             nan             nan          HIDESS 
        HD28305   2454113.01918       -43.11531         7.32162             nan             nan             nan             nan             nan             nan          HIDESS 
        HD28305   2454113.02421       -42.24280         6.96945             nan             nan             nan             nan             nan             nan          HIDESS 
        HD28305   2454113.02901       -40.32862         6.32062             nan             nan             nan             nan             nan             nan          HIDESS 
        HD28305   2454113.03426       -39.20075         6.21476             nan             nan             nan             nan             nan             nan          HIDESS 
        HD28305   2454113.03900       -38.24322         6.91787             nan             nan             nan             nan             nan             nan          HIDESS 
        HD28305   2454113.04382       -35.70595         5.63276             nan             nan             nan             nan             nan             nan          HIDESS 
        HD28305   2454113.04916       -39.04861         4.14064             nan             nan             nan             nan             nan             nan          HIDESS 
        HD28305   2454113.05395       -39.13059         4.58068             nan             nan             nan             nan             nan             nan          HIDESS 
        HD28305   2454113.05897       -37.97511         2.97735             nan             nan             nan             nan             nan             nan          HIDESS 
        HD28305   2454123.14310       -53.73713        14.20231             nan             nan             nan             nan             nan             nan          HIDESS 
        HD28305   2454124.14253       -49.03642         4.04515             nan             nan             nan             nan             nan             nan          HIDESS 
        HD28305   2454127.94733       -61.87214         2.85430             nan             nan             nan             nan             nan             nan          HIDESS 
        HD28305   2454143.05334       -77.01283         3.29251             nan             nan             nan             nan             nan             nan          HIDESS 
        HD28305   2454147.99296       -87.09258         3.80364             nan             nan             nan             nan             nan             nan          HIDESS 
        HD28305   2454168.99236       -74.82841         3.15346             nan             nan             nan             nan             nan             nan          HIDESS 
        HD28305   2454195.92751      -100.52434         2.67374             nan             nan             nan             nan             nan             nan          HIDESS 
        HD28305   2454305.30164       -20.85689         4.10606             nan             nan             nan             nan             nan             nan          HIDESS 
        HD28305   2454339.31268         6.01449         4.03122             nan             nan             nan             nan             nan             nan          HIDESS 
        HD28305   2454378.22760        18.21078         4.31177             nan             nan             nan             nan             nan             nan          HIDESS 
        HD28305   2454420.11163        78.95355         5.66660             nan             nan             nan             nan             nan             nan          HIDESS 
        HD28305   2454421.09504        62.74557         3.43951             nan             nan             nan             nan             nan             nan          HIDESS 
        HD28305   2454458.14763        94.22743         4.93084        10.26830       172.31958        12.28756         0.08980         0.02837         1.00000          HIDESS 
        HD28305   2454458.15907        95.31099         2.92304        10.25475       209.84004         4.97130         0.15659         0.01452         1.00000          HIDESS 
        HD28305   2454492.06527        89.15854         3.06187        10.28624       189.91969         5.52767         0.15783         0.01935         1.00000          HIDESS 
        HD28305   2454524.00005        95.81307         3.44135        10.29101       202.11547         7.33741         0.16345         0.02250         1.00000          HIDESS 
        HD28305   2454556.92514        83.04118         3.56243        10.36697       194.15469         8.80813         0.14362         0.02912         1.00000          HIDESS 
        HD28305   2454703.32858       -81.92617         3.34035        10.28931       203.85541         6.19373         0.14039         0.01475         1.00000          HIDESS 
        HD28305   2454757.23904       -95.31918         3.28287        10.29452       191.77322         4.51607         0.17186         0.01219         1.00000          HIDESS 
        HD28305   2454818.09009       -85.52282         2.73977        10.20406       200.74168         4.03299         0.15609         0.01150         1.00000          HIDESS 
        HD28305   2454857.11338       -49.99502         2.67328        10.26242       217.22141         6.02701         0.15590         0.02237         1.00000          HIDESS 
        HD28305   2454863.98258       -49.75067         3.21680        10.22106       185.06330         6.35944         0.13154         0.01598         1.00000          HIDESS 
        HD28305   2454884.00322       -26.23799         3.17779        10.27110       188.86856         5.20836         0.15239         0.01866         1.00000          HIDESS 
        HD28305   2454924.95308        10.97948         2.83647        10.29395       199.22654         6.95900         0.16877         0.02858         1.00000          HIDESS 
        HD28305   2455108.32999        97.31550         3.71497        10.23295       191.07292         7.34160         0.12509         0.02031         1.00000          HIDESS 
        HD28305   2455133.35231        87.99122         3.86703        10.17565       209.67239         9.11436         0.10516         0.02822         1.00000          HIDESS 
        HD28305   2455161.29758        42.39006         2.98782        10.26214       204.53490         4.75098         0.15428         0.01416         1.00000          HIDESS 
        HD28305   2455182.18048        63.43602         3.14393        10.24940       194.07740         5.81677         0.14798         0.01544         1.00000          HIDESS 
        HD28305   2455441.32853       -45.74820         3.60996        10.21157       175.76124         3.72605         0.15654         0.01119         1.00000          HIDESS 
        HD28305   2455502.19794       -20.23646         3.26786        10.25322       179.36527         3.87903         0.15429         0.01123         1.00000          HIDESS 
        HD28305   2455526.25854         9.07170         3.29128        10.24995       208.32949         6.36303         0.13894         0.02068         1.00000          HIDESS 
        HD28305   2455628.99677        81.18309         3.30989        10.22319       186.13540         5.31887         0.15930         0.01848         1.00000          HIDESS 
        HD28305   2455851.19088       -54.66341         3.33847        10.26017       180.65561         6.11143         0.14451         0.01735         1.00000          HIDESS 
        HD28305   2455917.11513       -97.06714         3.13627        10.20348       198.05904         3.91760         0.14759         0.01159         1.00000          HIDESS 
        HD28305   2456032.93670       -43.22330         3.13690        10.23259       174.63273         4.64405         0.13075         0.02881         1.00000          HIDESS 
        HD28305   2456135.29627        42.08719         3.97888        10.57321       145.07781         8.10373             nan             nan             nan         HIDESF1 
        HD28305   2456137.30295        46.97638         3.17407        10.54553       155.12685         3.42270             nan             nan             nan         HIDESF1 
        HD28305   2456160.30351        42.88937         3.99860        10.21962       191.65824         6.15089         0.15145         0.01710         1.00000          HIDESS 
        HD28305   2456213.27219        88.95736         3.05197        10.41061       188.71263         5.63423         0.13529         0.01403         1.00000          HIDESS 
        HD28305   2456219.19195        77.25663         2.95250        10.72878       187.53427         3.36775             nan             nan             nan         HIDESF1 
        HD28305   2456235.23757        90.94515         3.11565        10.40270       191.74542         5.39264         0.14979         0.01456         1.00000          HIDESS 
        HD28305   2456244.13087        85.57535         2.95734        10.82010       183.66125         3.47808             nan             nan             nan         HIDESF1 
        HD28305   2456249.22384        88.59183         3.34441        10.53666       174.02265         5.01713         0.13895         0.01413         1.00000          HIDESS 
        HD28305   2456250.25257        76.66904         3.17299        10.53951       211.44966         5.43773         0.14790         0.01528         1.00000          HIDESS 
        HD28305   2456252.13426        87.81817         3.09534        10.52354       167.69380         4.78330         0.13587         0.01360         1.00000          HIDESS 
        HD28305   2456278.10795        79.46032         3.30237        10.49259       151.81417         4.98327             nan             nan             nan         HIDESF1 
        HD28305   2456280.17463        87.88920         2.93238        10.51009       164.16557         2.74596             nan             nan             nan         HIDESF1 
        HD28305   2456281.24606        91.58686         3.10380        10.52027       164.37886         4.34930             nan             nan             nan         HIDESF1 
        HD28305   2456284.07915        91.77748         3.14450        10.22603       168.27426         5.15380         0.13473         0.01657         1.00000          HIDESS 
        HD28305   2456285.02792        78.28420         3.00840        10.22640       154.18908         5.12280         0.12472         0.01458         1.00000          HIDESS 
        HD28305   2456286.19485        84.32746         3.20399        10.24147       204.21358         6.87206         0.14180         0.01947         1.00000          HIDESS 
        HD28305   2456287.17832        84.31713         3.27579             nan             nan             nan             nan             nan         0.00000          HIDESS 
        HD28305   2456288.19861        82.65100         3.27323        10.22618       201.91242         6.32591         0.13589         0.01845         1.00000          HIDESS 
        HD28305   2456289.09750        71.52482         3.26302        10.21985       182.58077         7.70646         0.12230         0.02112         1.00000          HIDESS 
        HD28305   2456297.08859        76.66276         3.04878        10.23114       194.02436         5.16926         0.18179         0.01826         1.00000          HIDESS 
        HD28305   2456298.03684        78.66341         5.57516        10.21022       163.28267        13.62734         0.10724         0.03860         1.00000          HIDESS 
        HD28305   2456298.05771        74.81780         3.37184        10.23822       196.84295         6.20826         0.14067         0.01740         1.00000          HIDESS 
        HD28305   2456299.02580        85.42002         3.28415        10.23662       200.07733         5.82550         0.14538         0.01532         1.00000          HIDESS 
        HD28305   2456516.32179       -98.05411         3.97591        10.56749       165.55026         7.61027             nan             nan             nan         HIDESF1 
        HD28305   2456517.31720       -99.44232         2.96059        10.53876       160.25654         3.87689             nan             nan             nan         HIDESF1 
        HD28305   2456520.32591       -95.04343         3.44302        10.53192       160.27266         7.22060             nan             nan             nan         HIDESF1 
        HD28305   2456521.29069       -96.76736         3.04974        10.54950       160.89235         5.09457             nan             nan             nan         HIDESF1 
        HD28305   2456522.31678       -88.89443         3.02661        10.52567       168.42161         5.04902             nan             nan             nan         HIDESF1 
        HD28305   2456524.30214       -94.55654         3.63674        10.52048       154.08561         5.81272             nan             nan             nan         HIDESF1 
        HD28305   2456552.24046       -99.39766         3.50754        10.22621       175.04696         8.82343         0.12358         0.02619         1.00000          HIDESS 
        HD28305   2456553.30612       -82.33389         3.04230        10.54696       160.63692         6.24509             nan             nan             nan         HIDESF1 
        HD28305   2456554.20590       -73.20854         3.19827        10.54201       159.71481         7.10726             nan             nan             nan         HIDESF1 
        HD28305   2456576.17094       -73.14258        12.98168        10.28471       169.22106        13.17875         0.18566         0.06863         1.00000          HIDESS 
        HD28305   2456576.19495       -68.38465         4.23650        10.26182       199.90466         7.07219         0.16658         0.02066         1.00000          HIDESS 
        HD28305   2456577.22026       -71.59428         3.49169        10.26106       182.17304         6.54197         0.16655         0.02045         1.00000          HIDESS 
        HD28305   2456578.25664       -70.78250         3.49081        10.24245       192.95495         5.86149         0.17610         0.01740         1.00000          HIDESS 
        HD28305   2456579.16300       -74.64368         3.41762        10.21592       178.16615         6.55702         0.16628         0.02643         1.00000          HIDESS 
        HD28305   2456580.26891       -78.93409         3.57164        10.24002       196.16612         5.86736         0.16577         0.01737         1.00000          HIDESS 
        HD28305   2456595.24777       -56.33811         3.16174        10.55377       187.48841         6.93101             nan             nan             nan         HIDESF1 
        HD28305   2456597.12129       -60.15554         5.33310        10.53513       165.60822        14.10127             nan             nan             nan         HIDESF1 
        HD28305   2456605.09948       -36.12183         2.83530        10.57828       175.74326         5.51473             nan             nan             nan         HIDESF1 
        HD28305   2456607.12740       -37.13432         2.92381        10.56265       166.05510         4.53273             nan             nan             nan         HIDESF1 
        HD28305   2456608.11286       -27.07372         3.37446        10.56408       146.90558         7.05617             nan             nan             nan         HIDESF1 
        HD28305   2456609.12094       -43.87680         2.85478        10.57041       169.75899         3.27169             nan             nan             nan         HIDESF1 
        HD28305   2456609.33680       -35.01121         3.80412        10.55345       152.87281         8.34203             nan             nan             nan         HIDESF1 
        HD28305   2456610.12203       -36.38401         3.16369        10.57989       172.50648         7.25578             nan             nan             nan         HIDESF1 
        HD28305   2456610.20755       -39.00281         3.16815        10.53238       160.14294         6.33232             nan             nan             nan         HIDESF1 
        HD28305   2456616.01595       -43.83605         4.16042        10.54656       162.02669        10.83260             nan             nan             nan         HIDESF1 
        HD28305   2456616.03758       -44.09685         3.57904        10.54633       166.25883         7.78407             nan             nan             nan         HIDESF1 
        HD28305   2456617.20218       -43.96666         3.53547        10.21351       197.00869         7.72037         0.16517         0.02573         1.00000          HIDESS 
        HD28305   2456617.20529       -43.29276         4.32855        10.22224       197.80802        10.67385         0.18001         0.03830         1.00000          HIDESS 
        HD28305   2456618.14353       -45.10940         2.93816        10.21014       181.95999         3.51554         0.17964         0.01149         1.00000          HIDESS 
        HD28305   2456619.05126       -57.72498         3.31162        10.21772       171.37419         5.11737         0.14438         0.02000         1.00000          HIDESS 
        HD28305   2456619.29016       -45.65047         3.13796        10.23968       217.73787         5.53144         0.18244         0.01734         1.00000          HIDESS 
        HD28305   2456625.10324       -34.41754         2.66729        10.56306       177.52763         3.44387             nan             nan             nan         HIDESF1 
        HD28305   2456627.08254       -30.74070         2.79850        10.57869       175.12529         3.69807             nan             nan             nan         HIDESF1 
        HD28305   2456627.24524       -27.86196         2.42784        10.56962       168.42181         3.13620             nan             nan             nan         HIDESF1 
        HD28305   2456628.13148       -37.67210         2.64086        10.55715       181.17829         3.09562             nan             nan             nan         HIDESF1 
        HD28305   2456628.30699       -29.49969         2.78088        10.60417       173.78246         5.90747             nan             nan             nan         HIDESF1 
        HD28305   2456638.98269       -19.75895         2.88501        10.62202       181.67964         5.67149             nan             nan             nan         HIDESF1 
        HD28305   2456639.18624       -19.42737         3.84051        10.60414       179.61752        10.73232             nan             nan             nan         HIDESF1 
        HD28305   2456648.04395       -23.58026         3.18461        10.61769       183.94643         3.88862             nan             nan             nan         HIDESF1 
        HD28305   2456648.16601       -39.54445         3.57150        10.61695       163.58073         6.64067             nan             nan             nan         HIDESF1 
        HD28305   2456652.23459       -31.19180         8.63705             nan             nan             nan             nan             nan             nan         HIDESF1 
        HD28305   2456652.23642       -34.47290         6.01565        10.62428       159.30593        18.09497             nan             nan             nan         HIDESF1 
        HD28305   2456663.94166       -22.99165         2.79591        10.59410       181.75356         3.62251             nan             nan             nan         HIDESF1 
        HD28305   2456664.04834       -10.31000         3.01753        10.59445       177.36686         3.64466             nan             nan             nan         HIDESF1 
        HD28305   2456664.14869       -11.45535         3.05179        10.58973       162.66907         4.03076             nan             nan             nan         HIDESF1 
        HD28305   2456672.07994         1.75157         3.94668        10.61800       160.44225         9.51541             nan             nan             nan         HIDESF1 
        HD28305   2456672.17175        -4.39748         3.10567        10.61571       178.25620         5.68853             nan             nan             nan         HIDESF1 
        HD28305   2456672.95672         0.33043         3.72270        10.59062       165.88205         9.01615             nan             nan             nan         HIDESF1 
        HD28305   2456673.18065         8.14633         4.11845        10.61038       173.42670        10.49917             nan             nan             nan         HIDESF1 
        HD28305   2456673.99433        -3.11101         3.61164        10.62223       184.44376         8.14799             nan             nan             nan         HIDESF1 
        HD28305   2456678.99503        -1.94375         3.00606        10.60621       167.75974         3.68778             nan             nan             nan         HIDESF1 
        HD28305   2456680.08452       -11.15995         2.78186        10.61366       178.00830         3.17165             nan             nan             nan         HIDESF1 
        HD28305   2456681.00148       -14.03241         2.77734        10.59412       176.60782         2.67109             nan             nan             nan         HIDESF1 
        HD28305   2456697.12628        10.27523         3.73386        10.64723       186.19796        14.48433             nan             nan             nan         HIDESF1 
        HD28305   2456713.92943        23.19177         3.00596        10.53691       150.25880         7.63958             nan             nan             nan         HIDESF1 
        HD28305   2456726.98883        46.62849         3.62495        10.58379       162.49063         8.09307             nan             nan             nan         HIDESF1 
        HD28305   2456726.99014        50.56538         3.06598        10.56470       169.82023         8.06945             nan             nan             nan         HIDESF1 
        HD28305   2456730.92200        51.03592         4.20778        10.54857       165.85371        11.14564             nan             nan             nan         HIDESF1 
        HD28305   2456730.92428        56.23666         3.12272        10.59231       172.09457         8.52921             nan             nan             nan         HIDESF1 
        HD28305   2456731.95322        63.43097         2.89738        10.56140       178.09345         5.87017             nan             nan             nan         HIDESF1 
        HD28305   2456731.95528        64.97328         2.76377        10.57072       178.49480         5.56475             nan             nan             nan         HIDESF1 
        HD28305   2456732.95518        51.58795         3.02186        10.57242       141.98411         8.63539             nan             nan             nan         HIDESF1 
        HD28305   2456733.95945        59.94589         3.06403        10.63681       160.70999         9.33941             nan             nan             nan         HIDESF1 
        HD28305   2456733.96108        65.71192         3.23642        10.59161       151.85789        10.83292             nan             nan             nan         HIDESF1 
        HD28305   2456737.96426        66.75034         3.50385        10.60224       157.71629         7.98560             nan             nan             nan         HIDESF1 
        HD28305   2456740.92927        62.55322         2.68938        10.24392       192.36011         4.00891         0.16632         0.01439         1.00000          HIDESS 
        HD28305   2456751.94485        67.23672         5.86356        10.28245       188.60634        20.78183         0.11731         0.06932         1.00000          HIDESS 
        HD28305   2456751.95146        68.34319         3.74239        10.26308       175.25963         9.92216         0.16775         0.04703         1.00000          HIDESS 
        HD28305   2456753.92806        66.42585         3.63568        10.25070       181.02507         9.54726         0.20662         0.04334         1.00000          HIDESS 
        HD28305   2456891.32041        70.17614         3.46319        10.19545       148.91775         4.57196         0.16103         0.01909         1.00000          HIDESS 
        HD28305   2456903.29209        75.14307         3.42097        10.17071       158.51044         3.44857         0.16088         0.01345         1.00000          HIDESS 
        HD28305   2456908.25178        84.86027         2.97375        10.52819       172.47672         5.81742             nan             nan             nan         HIDESF1 
        HD28305   2456915.32521        75.49250         2.76159        10.54591       154.21133         4.13797             nan             nan             nan         HIDESF1 
        HD28305   2456915.32993        73.34987         2.42503        10.53121       167.23255         2.49141             nan             nan             nan         HIDESF1 
        HD28305   2456934.25015        56.08023         4.22276        10.56049       188.24665        14.59254             nan             nan             nan         HIDESF1 
        HD28305   2456934.35980        62.22883         2.83309        10.54146       170.54529         5.51674             nan             nan             nan         HIDESF1 
        HD28305   2456947.13182        45.68104         4.17732        10.57453       195.87620        13.10808             nan             nan             nan         HIDESF1 
        HD28305   2456948.17366        58.16047         2.76385        10.56678       153.34855         3.91056             nan             nan             nan         HIDESF1 
        HD28305   2456964.21597        30.26417         2.95980        10.56572       170.44857         5.51717             nan             nan             nan         HIDESF1 
        HD28305   2456965.24915        30.34207         2.97170        10.59596       169.63979         5.47713             nan             nan             nan         HIDESF1 
        HD28305   2456972.25336         4.65820         3.74317        10.21621       193.19518         9.96903         0.12573         0.02312         1.00000          HIDESS 
        HD28305   2456973.28036        -0.54900         3.53969        10.24331       182.12849         6.63746         0.14100         0.01954         1.00000          HIDESS 
        HD28305   2456974.08368       -10.12447         3.43328        10.27001       174.77869         6.31759         0.12353         0.01840         1.00000          HIDESS 
        HD28305   2456974.08695        -4.67484         4.03007        10.24919       183.64151        11.05546         0.10965         0.02991         1.00000          HIDESS 
        HD28305   2456974.08933       -12.76182         3.16943        10.27311       177.31082         6.64996         0.12427         0.01812         1.00000          HIDESS 
        HD28305   2456974.09221        -8.34958         3.49543        10.26928       170.39680         5.43051         0.14677         0.01946         1.00000          HIDESS 
        HD28305   2456974.09452        -8.75033         4.15747        10.24544       165.16978         7.74386         0.10719         0.02826         1.00000          HIDESS 
        HD28305   2456974.09767         8.94909        12.07640             nan             nan             nan             nan             nan         0.00000          HIDESS 
        HD28305   2456974.10088        -7.70480         5.69755        10.22277       174.87498        16.66313         0.09080         0.04202         1.00000          HIDESS 
        HD28305   2456991.12343       -16.37549         3.14078        10.55588       168.45794         5.88010             nan             nan             nan         HIDESF1 
        HD28305   2457000.05559       -17.40551         3.28435        10.53046       165.96958         7.20168             nan             nan             nan         HIDESF1 
        HD28305   2457001.02176       -30.30111         2.94995        10.56455       174.33719         5.63519             nan             nan             nan         HIDESF1 
        HD28305   2457003.18925       -37.76912         2.99892        10.22286       186.63816         6.34643         0.14638         0.01642         1.00000          HIDESS 
        HD28305   2457004.08121       -35.32215         4.07347        10.53152       160.43559        10.56291             nan             nan             nan         HIDESF1 
        HD28305   2457005.13675       -33.86589         3.18279        10.51374       156.64003         6.35381             nan             nan             nan         HIDESF1 
        HD28305   2457006.16630       -43.86808         4.22193        10.50179       150.70587         8.39159             nan             nan             nan         HIDESF1 
        HD28305   2457016.91528       -39.06156         3.36543        10.54643       165.82269         6.73031             nan             nan             nan         HIDESF1 
        HD28305   2457027.16707       -43.86783         4.16280        10.53004       181.79072         9.72474             nan             nan             nan         HIDESF1 
        HD28305   2457029.02161       -33.25545         7.28060        10.61730       182.57304        21.67012             nan             nan             nan         HIDESF1 
        HD28305   2457029.02273       -39.14752         5.26484        10.52188       172.08818        14.63440             nan             nan             nan         HIDESF1 
        HD28305   2457046.14083       -65.24515         2.74407        10.24494       196.31045         4.38910         0.15303         0.01612         1.00000          HIDESS 
        HD28305   2457047.07851       -66.37209         2.53384        10.18359       200.57221         3.89177         0.15478         0.01155         1.00000          HIDESS 
        HD28305   2457048.13024       -67.61731         4.89278        10.21258       200.58154        14.83599         0.10673         0.04727         1.00000          HIDESS 
        HD28305   2457049.97778       -78.91844         4.50095        10.22520       189.25427        12.61526         0.10686         0.03329         1.00000          HIDESS 
        HD28305   2457054.01632       -82.07672         2.96933        10.51472       164.24607         5.35338             nan             nan             nan         HIDESF1 
        HD28305   2457054.93005       -78.47888         3.82753        10.53786       182.98909        10.63914             nan             nan             nan         HIDESF1 
        HD28305   2457056.95625       -72.86902         2.64926        10.54944       172.53866         3.49945             nan             nan             nan         HIDESF1 
        HD28305   2457066.04816       -83.34198         2.72749        10.53908       163.37790         5.81028             nan             nan             nan         HIDESF1 
        HD28305   2457066.95639       -80.06413         2.85285        10.54844       156.72435         3.16865             nan             nan             nan         HIDESF1 
        HD28305   2457067.98712       -79.80348         2.68352        10.55145       155.22099         5.32504             nan             nan             nan         HIDESF1 
        HD28305   2457086.94062      -101.85500         2.69358        10.54564       163.85944         3.79789             nan             nan             nan         HIDESF1 
        HD28305   2457091.94228       -92.79868         3.53338        10.55037       173.10345         8.99699             nan             nan             nan         HIDESF1 
        HD28305   2457092.97093       -92.59427         3.25100        10.50559       165.31296         7.68828             nan             nan             nan         HIDESF1 
        HD28305   2457093.01762       -82.15613         3.21740        10.56566       162.23371         7.57159             nan             nan             nan         HIDESF1 
        HD28305   2457108.00063      -107.19860         2.95137        10.55922       161.59587         7.68113             nan             nan             nan         HIDESF1 
        HD28305   2457134.94007       -86.91140         4.97923        10.28316       165.56550        14.49874             nan             nan         0.00000          HIDESS 
        HD28305   2457235.26862       -29.64537         4.29442        10.54865       175.39652         8.66456             nan             nan             nan         HIDESF1 
        HD28305   2457236.30355       -30.40463         3.16045        10.56104       158.47374         4.88961             nan             nan             nan         HIDESF1 
        HD28305   2457237.31725       -21.01306         2.75922        10.55819       157.35904         3.30787             nan             nan             nan         HIDESF1 
        HD28305   2457262.25088         0.14909         3.20773        10.56307       156.97316         6.02554             nan             nan             nan         HIDESF1 
        HD28305   2457284.27920        17.96928         3.41463        10.54322       152.40669         5.37281             nan             nan             nan         HIDESF1 
        HD28305   2457304.21441        20.95335         3.10256        10.59363       177.43735         7.28054             nan             nan             nan         HIDESF1 
        HD28305   2457305.26364        26.80254         3.29911        10.57044       166.05622         6.08835             nan             nan             nan         HIDESF1 
        HD28305   2457319.21707        52.24886         3.21716        10.53796       163.71609         4.63610             nan             nan             nan         HIDESF1 
        HD28305   2457322.18039        58.95195         3.29242        10.53431       171.45827         5.76479             nan             nan             nan         HIDESF1 
        HD28305   2457324.30085        44.83473         3.66425        10.50904       173.96435         6.81684             nan             nan             nan         HIDESF1 
        HD28305   2457327.25601        37.77606         3.31248        10.22090       187.38613         5.32382         0.15115         0.01485         1.00000          HIDESS 
        HD28305   2457329.33013        43.92663         2.97112        10.23345       189.72101         4.66976         0.17531         0.01626         1.00000          HIDESS 
        HD28305   2457330.09525        51.24654         3.11982        10.53252       168.25505         3.03379             nan             nan             nan         HIDESF1 
        HD28305   2457353.13862        57.02009         3.32351        10.55412       161.72456         7.78345             nan             nan             nan         HIDESF1 
        HD28305   2457356.10137        67.74386         3.85789        10.51871       178.83643         7.85623             nan             nan             nan         HIDESF1 
        HD28305   2457361.11509        67.38224         2.97291        10.56082       171.94412         5.79113             nan             nan             nan         HIDESF1 
        HD28305   2457378.09039        93.23697         2.89864        10.54526       167.70137         4.60057             nan             nan             nan         HIDESF1 
        HD28305   2457394.16882        79.66369         3.26194        10.56458       177.81907         5.69534             nan             nan             nan         HIDESF1 
        HD28305   2457400.91667        79.76642         3.28034        10.56846       167.98218         6.27970             nan             nan             nan         HIDESF1 
        HD28305   2457401.93003        97.15469         5.84638        10.55106       182.51621        13.32983             nan             nan             nan         HIDESF1 
        HD28305   2457401.93547        92.52823         2.92373        10.57309       179.62870         4.96817             nan             nan             nan         HIDESF1 
        HD28305   2457402.92341        86.30085         3.63862        10.56438       178.16546         8.76968             nan             nan             nan         HIDESF1 
        HD28305   2457425.99309        93.63006         2.65562        10.53808       164.51825         3.29822             nan             nan             nan         HIDESF1 
        HD28305   2457475.98754        93.77470         2.80064        10.57746       150.37842         5.38569             nan             nan             nan         HIDESF1 
        HD28305   2457593.30928       -33.93647         3.22906        10.56581       152.53986         4.19296             nan             nan             nan         HIDESF1 
        HD28305   2457626.30355       -39.61721         3.53229        10.55223       158.45479         6.55948             nan             nan             nan         HIDESF1 
        HD28305   2457676.22791       -89.22049         2.75917        10.52605       165.59030         3.67178             nan             nan             nan         HIDESF1 
        HD28305   2457688.35030       -89.03109         3.07917        10.55851       154.33505         3.78915             nan             nan             nan         HIDESF1 
        HD28305   2457722.11632       -90.85647         3.29951        10.53331       164.16148         8.62289             nan             nan             nan         HIDESF1 
        HD28305   2457730.27085       -84.86021         6.28776        10.61183       166.42294        13.77253             nan             nan             nan         HIDESF1 
        HD28305   2457752.20640       -72.75248         4.07836        10.53927       150.80113         9.64990             nan             nan             nan         HIDESF1 
        HD28305   2457756.23745       -73.38159         5.91228        10.65326       154.90499        13.89758             nan             nan             nan         HIDESF1 
        HD28305   2457760.13953       -69.67013         3.60927        10.53894       166.89023         9.09825             nan             nan             nan         HIDESF1 
        HD28305   2457760.98057       -62.63939         8.01977        10.75986       160.40137        20.69338             nan             nan             nan         HIDESF1 
        HD28305   2457790.99245       -36.72939         2.78150        10.50478       167.26105         5.53404             nan             nan             nan         HIDESF1 
        HD28305   2457796.08025       -33.18576         2.78245        10.57056       174.63140         7.44452             nan             nan             nan         HIDESF1 
        HD28305   2457807.97021       -30.20374         2.51040        10.56341       173.12991         4.66857             nan             nan             nan         HIDESF1 
        HD28305   2457837.91903       -12.23906         2.86196        10.50456       159.15919         3.17074             nan             nan             nan         HIDESF1 
        HD28305   2457957.29041        78.84566         5.86124        10.70047       162.85884        15.87806             nan             nan             nan         HIDESF1 
        HD28305   2457985.26545        87.03189         3.62175        10.57069       165.66710        10.49393             nan             nan             nan         HIDESF1 
        HD28305   2457990.22209        95.53964         3.64147        10.54803       175.13691         7.21047             nan             nan             nan         HIDESF1 
        HD28305   2457993.29487       110.00154         2.56842        10.58207       155.59606         3.00257             nan             nan             nan         HIDESF1 
        HD28305   2458009.32314       101.54008         2.84625        10.57061       163.80178         4.97261             nan             nan             nan         HIDESF1 
        HD28305   2458037.09231        91.94876         3.05616        10.56763       142.91047         2.99099             nan             nan             nan         HIDESF1 
        HD28305   2458081.22478        61.73520         3.27256        10.52017       156.15277         5.02324             nan             nan             nan         HIDESF1 
        HD28305   2458086.08060        54.04524         2.80502        10.52664       164.76164         3.16700             nan             nan             nan         HIDESF1 
        HD28305   2458088.24245        63.65673         3.30283        10.52258       141.76131         3.56817             nan             nan             nan         HIDESF1 
        HD28305   2458088.24687        64.24599         2.92979        10.53691       164.04320         3.96513             nan             nan             nan         HIDESF1 
        HD28305   2458088.25129        63.45799         2.87341        10.55071       165.93613         3.69313             nan             nan             nan         HIDESF1 
        HD28305   2458093.24028        64.55399         2.62095        10.56646       156.57183         3.35729             nan             nan             nan         HIDESF1 
        HD28305   2458093.24480        62.97217         2.67886        10.56662       160.97847         3.54584             nan             nan             nan         HIDESF1 
        HD28305   2458093.24925        62.41026         2.66574        10.57192       167.14691         3.86185             nan             nan             nan         HIDESF1 
        HD28305   2458099.26020        52.56601         3.17213        10.56696       148.47573         6.52791             nan             nan             nan         HIDESF1 
        HD28305   2458099.26481        56.02827         3.51839        10.55949       169.14622         7.29629             nan             nan             nan         HIDESF1 
        HD28305   2458099.26961        53.85513         3.39776        10.58426       160.23109         5.60743             nan             nan             nan         HIDESF1 
        HD28305   2458470.24844        36.95314         3.18121        10.93504       127.60788         3.66724             nan             nan             nan         HIDESF2 
        HD28305   2458482.21490        47.92867         3.27511        10.85893       143.26316         4.52306             nan             nan             nan         HIDESF2 
        HD28305   2458487.18126        55.96367         3.20733        10.88294       152.67043         3.03312             nan             nan             nan         HIDESF2 
        HD28305   2458487.18579        55.25578         3.18783        10.86674       159.05191         3.32474             nan             nan             nan         HIDESF2 
        HD28305   2458491.99802        40.36869         3.62659        10.87215       146.76389         4.59146             nan             nan             nan         HIDESF2 
        HD28305   2458492.00211        43.27416         3.64918        10.89057       161.12642         5.80015             nan             nan             nan         HIDESF2 
        HD28305   2458506.08551        55.72139         2.79812        10.85136       157.70404         3.33363             nan             nan             nan         HIDESF2 
        HD28305   2458506.08973        58.30509         2.64138        10.85997       151.90779         3.11820             nan             nan             nan         HIDESF2 
        HD28305   2458515.97676        73.68956         2.50483        10.81227       144.56221         3.38549             nan             nan             nan         HIDESF2 
        HD28305   2458515.98087        67.18540         2.62976        10.83742       160.09052         3.97991             nan             nan             nan         HIDESF2 
        HD28305   2458528.92054        80.33088         2.52622        10.82607       147.68912         3.25053             nan             nan             nan         HIDESF2 
        HD28305   2458528.92460        80.09445         2.76414        10.85382       157.66121         4.25837             nan             nan             nan         HIDESF2 
        HD28305   2458546.95737        99.13699         2.57339        10.82007       146.12668         3.10132             nan             nan             nan         HIDESF2 
        HD28305   2458546.96150       101.56946         2.49608        10.82570       138.54866         3.08311             nan             nan             nan         HIDESF2 
        HD28305   2458553.92806        83.52786         2.23193        10.81096       150.33150         2.46744             nan             nan             nan         HIDESF2 
        HD28305   2458553.93229        85.11769         2.30921        10.82358       145.13108         2.32608             nan             nan             nan         HIDESF2 
        HD28305   2458573.95008       104.51178         2.97368        10.85633       161.63855         5.42180             nan             nan             nan         HIDESF2 
        HD28305   2458573.95493       101.30553         2.86886        10.85712       155.20021         5.82580             nan             nan             nan         HIDESF2 
        HD28305   2458576.91929        98.52800         2.52501        10.84752       157.59959         3.26999             nan             nan             nan         HIDESF2 
        HD28305   2458576.92378       100.62425         2.52638        10.83931       143.50861         2.90476             nan             nan             nan         HIDESF2 
        HD28305   2458707.28684        32.60296         3.34192        10.87105       133.67304         3.49764             nan             nan             nan         HIDESF2 
        HD28305   2458707.29141        30.59732         3.26019        10.87271       134.97908         3.20686             nan             nan             nan         HIDESF2 
        HD28305   2458741.32667         8.09920         3.39263        10.84160       127.24125         2.90504             nan             nan             nan         HIDESF2 
        HD28305   2458741.33114         9.89527         3.19949        10.83628       128.70428         3.30378             nan             nan             nan         HIDESF2 
        HD28305   2458751.34300         3.59199         3.14581        10.87447       128.80823         2.75874             nan             nan             nan         HIDESF2 
        HD28305   2458765.33238       -30.12912         3.07416        10.88902       127.75073         2.58464             nan             nan             nan         HIDESF2 
        HD28305   2458765.33649       -30.60676         3.04029        10.89563       126.43016         2.72029             nan             nan             nan         HIDESF2 
        HD28305   2458794.28344       -49.02473         2.81240        10.87099       140.73441         2.49932             nan             nan             nan         HIDESF2 
        HD28305   2458794.28764       -49.57646         2.75990        10.87251       140.70154         2.36265             nan             nan             nan         HIDESF2 
        HD28305   2458802.26080       -48.02982         3.21242        10.87434       133.96684         3.68430             nan             nan             nan         HIDESF2 
        HD28305   2458802.26501       -49.29369         3.00915        10.87290       126.80723         3.38452             nan             nan             nan         HIDESF2 
        HD28305   2458808.30303       -63.09275         2.88311        10.87849       131.28128         3.28023             nan             nan             nan         HIDESF2 
        HD28305   2458808.30757       -64.68243         2.70592        10.88720       144.65920         3.16408             nan             nan             nan         HIDESF2 
        HD28305   2458828.22904       -74.30395         2.89868        10.51056       112.74723         2.43002             nan             nan             nan         HIDESF2 
        HD28305   2458828.23344       -74.68404         2.75229        10.51539       120.21959         2.60108             nan             nan             nan         HIDESF2 
        HD28305   2458831.09022       -62.96208         2.63682        10.54130       118.02065         1.95477             nan             nan             nan         HIDESF2 
        HD28305   2458831.16721       -71.59999         2.79147        10.53280       124.84776         2.56743             nan             nan             nan         HIDESF2 
        HD28305   2458831.97696       -71.95644         3.11304        10.54797       118.51937         3.51668             nan             nan             nan         HIDESF2 
        HD28305   2458832.14726       -76.59237         2.97169        10.56499       126.15334         3.23239             nan             nan             nan         HIDESF2 
        HD28305   2458832.99142       -64.06044         3.06270        10.51491       111.10470         3.76683             nan             nan             nan         HIDESF2 
        HD28305   2458833.22660       -72.34980         2.92575        10.54330       108.50458         3.68404             nan             nan             nan         HIDESF2 
        HD28305   2458835.98980       -72.25979         3.19584        10.52840       120.81671         3.73176             nan             nan             nan         HIDESF2 
        HD28305   2458839.09982       -69.41841         3.91054        10.56218       125.34535         4.56723             nan             nan             nan         HIDESF2 
        HD28305   2458839.23909       -79.50407         3.01020        10.52052       110.30394         5.61231             nan             nan             nan         HIDESF2 
        HD28305   2458841.06460       -70.46878         2.96595        10.51872       123.51058         3.47153             nan             nan             nan         HIDESF2 
        HD28305   2458849.15241       -87.04169         3.89834        10.50245       119.16890         6.52465             nan             nan             nan         HIDESF2 
        HD28305   2458850.00341       -84.92348         2.87033        10.54252       111.13423         2.47307             nan             nan             nan         HIDESF2 
        HD28305   2458850.19352       -87.16697         3.04986        10.51518       117.82381         3.15391             nan             nan             nan         HIDESF2 
        HD28305   2458851.02656       -78.37607         3.23111        10.51321       111.41470         2.69354             nan             nan             nan         HIDESF2 
        HD28305   2458852.02279       -81.13104         2.72993        10.54017       121.14839         3.18668             nan             nan             nan         HIDESF2 
        HD28305   2458853.01008       -79.49537         3.01674        10.55786       127.09036         3.62821             nan             nan             nan         HIDESF2 
        HD28305   2458879.95339       -85.99112         2.39436        10.55193       161.24724         3.73740             nan             nan             nan         HIDESF2 
        HD28305   2458880.98273       -87.27735         2.57772        10.54674       125.57779         2.99430             nan             nan             nan         HIDESF2 
        HD28305   2458881.97701       -73.92199         2.36963        10.53170       113.43512         2.88501             nan             nan             nan         HIDESF2 
        HD28305   2458882.94506       -81.73397         2.51082        10.54762       111.52029         2.73195             nan             nan             nan         HIDESF2 
        HD28305   2458884.95073       -94.67643         2.63857        10.53542       120.69105         4.12771             nan             nan             nan         HIDESF2 
        HD28305   2458885.92546       -88.40404         2.66376        10.57299       127.56266         5.33816             nan             nan             nan         HIDESF2 
        HD28305   2458887.94482       -89.93526         2.26312        10.53737       129.16023         3.18358             nan             nan             nan         HIDESF2 
        HD28305   2458888.93398       -81.16082         2.14280        10.55958       103.83766         1.79620             nan             nan             nan         HIDESF2 
        HD28305   2458890.08130       -94.17736         2.41453        10.54333       111.58357         3.97958             nan             nan             nan         HIDESF2 
        HD28305   2458890.92656       -81.59134         2.85740        10.54133       124.07471         4.30477             nan             nan             nan         HIDESF2 
        HD28305   2458893.04543       -78.06466         2.35117        10.55256       127.91509         2.89145             nan             nan             nan         HIDESF2 
        HD28305   2458894.06996       -85.38114         2.30368        10.53854       130.04809         4.10926             nan             nan             nan         HIDESF2 
        HD28305   2458896.94007       -95.28182         3.17957        10.55120        99.62314         6.50635             nan             nan             nan         HIDESF2 
        HD28305   2458897.93095       -81.49630         2.31942        10.58986       127.78596         2.98316             nan             nan             nan         HIDESF2 
        HD28305   2458899.95100       -87.11327         2.51071        10.56927       121.26036         3.04034             nan             nan             nan         HIDESF2 
        HD28305   2458900.93879       -78.09070         2.45637        10.53669       118.19665         3.10796             nan             nan             nan         HIDESF2 
        HD28305   2458916.96938       -64.93835         2.40775        10.53405       115.87658         3.49206             nan             nan             nan         HIDESF2 
        HD28305   2458919.95228       -56.69196         5.72124        10.49954        82.69303         9.87260             nan             nan             nan         HIDESF2 
        HD28305   2458920.94914       -69.97102         2.11853        10.54818       131.18304         3.14448             nan             nan             nan         HIDESF2 
        HD28305   2458922.98652       -62.52250         2.96549        10.57267       123.10520         4.62569             nan             nan             nan         HIDESF2 
        HD28305   2458924.93029       -75.13153         2.32300        10.53887       128.38079         4.65389             nan             nan             nan         HIDESF2 
        HD28305   2458925.93117       -67.73964         2.29995        10.53691       125.48532         3.80061             nan             nan             nan         HIDESF2 
        HD28305   2458926.93179       -60.74054         2.39721        10.54082       127.70569         3.52824             nan             nan             nan         HIDESF2 
        HD28305   2458927.93194       -73.83820         2.63117        10.53280       129.99784         4.46079             nan             nan             nan         HIDESF2 
        HD28305   2458928.92276       -63.10519         2.49772        10.54207       113.92842         3.59115             nan             nan             nan         HIDESF2 
        HD28305   2458929.91370       -68.00204         2.48550        10.53483       124.51525         3.55214             nan             nan             nan         HIDESF2 
        HD28305   2458941.91961       -63.46074         2.70180        10.54213       129.88394         3.97467             nan             nan             nan         HIDESF2 
        HD28305   2458943.92896       -66.93705         2.87734        10.53948       121.10797         3.46759             nan             nan             nan         HIDESF2 
        HD28305   2458944.92739       -57.14043         2.90442        10.55893       107.46363         3.69044             nan             nan             nan         HIDESF2 
        HD28305   2458945.92679       -60.82131         2.84840        10.53488       119.55148         3.23609             nan             nan             nan         HIDESF2 
        HD28305   2458946.92707       -55.37579         2.95518        10.53458       111.40704         3.04865             nan             nan             nan         HIDESF2 
        HD28305   2458947.93048       -73.95736         3.18796        10.56410       123.40509         4.36058             nan             nan             nan         HIDESF2 
        HD28305   2458948.92817       -65.68028         3.73109        10.54302       145.64602         5.93968             nan             nan             nan         HIDESF2 
        HD28305   2458949.92519       -54.94238         4.11250        10.57145       139.58138         6.24346             nan             nan             nan         HIDESF2 
        HD28305   2459075.32374        40.40593         3.23686        10.58976       121.47651         2.79333             nan             nan             nan         HIDESF2 
        HD28305   2459077.32433        39.69257         3.09892        10.58829       131.65696         2.64416             nan             nan             nan         HIDESF2 
        HD28305   2459079.28823        47.74252         3.25771        10.59825       136.02042         3.43339             nan             nan             nan         HIDESF2 
        HD28305   2459080.25275        48.03943         3.66296        10.57392       123.94944         4.62005             nan             nan             nan         HIDESF2 
        HD28305   2459081.32210        53.53715         3.25918        10.59711       125.85670         3.30484             nan             nan             nan         HIDESF2 
        HD28305   2459088.28443        61.24185         3.84442        10.56050       111.26650         4.25714             nan             nan             nan         HIDESF2 
        HD28305   2459096.25976        70.53012         3.42767        10.60434       113.43712         3.62823             nan             nan             nan         HIDESF2 
        HD28305   2459100.26573        82.40880         2.99820        10.58224       119.84462         3.22010             nan             nan             nan         HIDESF2 
        HD28305   2459107.24219        82.14907         3.48534        10.60511       118.20301         4.04521             nan             nan             nan         HIDESF2 
        HD28305   2459113.21336        82.47550         3.13062        10.58398       125.85307         4.61482             nan             nan             nan         HIDESF2 
        HD28305   2459124.20607        76.33766         3.26096        10.54438       134.05914         3.54795             nan             nan             nan         HIDESF2 
        HD28305   2459164.30674       104.26835         3.00882        10.57893       121.96856         3.63492             nan             nan             nan         HIDESF2 
        HD28305   2459167.19782       102.52073         3.14728        10.52233       117.04041         2.51417             nan             nan             nan         HIDESF2 
        HD28305   2459168.09429       106.43529         2.93606        10.55953       111.60065         2.25968             nan             nan             nan         HIDESF2 
        HD28305   2459183.02419       109.47580         3.24320        10.53396       117.71883         2.98151             nan             nan             nan         HIDESF2 
        HD28305   2459185.10758       101.79922         2.80260        10.56308       117.55836         2.87380             nan             nan             nan         HIDESF2 
        HD28305   2459186.06102       111.51448         2.97798        10.55231       128.06083         2.78003             nan             nan             nan         HIDESF2 
        HD28305   2459187.10642       101.07087         3.14478        10.55226       133.18295         3.88171             nan             nan             nan         HIDESF2 
        HD28305   2459190.99644       110.72135         3.14574        10.55498       118.59502         3.03677             nan             nan             nan         HIDESF2 
        HD28305   2459192.00351       110.10599         3.08501        10.52941       110.63667         3.82148             nan             nan             nan         HIDESF2 
        HD28305   2459194.07940       110.86415         2.96372        10.52242       126.82222         3.27019             nan             nan             nan         HIDESF2 
        HD28305   2459203.00253       108.90228         3.05286        10.53508       120.41112         4.08688             nan             nan             nan         HIDESF2 
        HD28305   2459203.01816       112.21786         2.85251        10.52315       119.31091         3.49316             nan             nan             nan         HIDESF2 
        HD28305   2459214.08247        98.38833         4.11233        10.52016       149.76514         9.08572             nan             nan             nan         HIDESF2 
        HD28305   2459214.90919        89.76809         3.23776        10.50630       133.20490         4.19065             nan             nan             nan         HIDESF2 
        HD28305   2459218.99286        98.50094         3.03451        10.52108       132.91960         2.96114             nan             nan             nan         HIDESF2 
        HD28305   2459242.02257        66.48520         3.26209        10.56877       123.56657         5.82305             nan             nan             nan         HIDESF2 
        HD28305   2459248.96882        87.51431         2.87968        10.55316       123.58755         4.54340             nan             nan             nan         HIDESF2 
        HD28305   2459280.92047        69.58634         3.28818        10.55446       129.85015         8.49064             nan             nan             nan         HIDESF2 
        HD28305   2459281.90716        71.17616         2.86222        10.56597       134.89821         6.19055             nan             nan             nan         HIDESF2 
