         HD2952   2453024.97403       -22.60285         3.54288             nan             nan             nan             nan             nan             nan          HIDESS 
         HD2952   2453025.97196       -41.65628         4.03585             nan             nan             nan             nan             nan             nan          HIDESS 
         HD2952   2453246.14555       -17.76811         4.07493             nan             nan             nan             nan             nan             nan          HIDESS 
         HD2952   2453332.98294       -35.14347         3.59039             nan             nan             nan             nan             nan             nan          HIDESS 
         HD2952   2453406.94357         0.24011         4.03372             nan             nan             nan             nan             nan             nan          HIDESS 
         HD2952   2453607.23677        -6.24614         4.00802             nan             nan             nan             nan             nan             nan          HIDESS 
         HD2952   2453694.19610         8.61689         4.13783             nan             nan             nan             nan             nan             nan          HIDESS 
         HD2952   2453744.02092        19.41844         3.41682             nan             nan             nan             nan             nan             nan          HIDESS 
         HD2952   2454018.30760        -3.67523         4.28885             nan             nan             nan             nan             nan             nan          HIDESS 
         HD2952   2454128.91386        46.75177         8.88668             nan             nan             nan             nan             nan             nan          HIDESS 
         HD2952   2454147.92341        27.93364        10.88767             nan             nan             nan             nan             nan             nan          HIDESS 
         HD2952   2454339.27782       -13.84010         3.43215             nan             nan             nan             nan             nan             nan          HIDESS 
         HD2952   2454757.01318        17.64939         3.43173         9.42814       155.28478         5.35822         0.14425         0.02219         1.00000          HIDESS 
         HD2952   2455135.22827        -1.86713         3.73905         9.44293       142.96334         5.62234         0.09679         0.02808         1.00000          HIDESS 
         HD2952   2455166.06600       -34.15743         3.78300         9.43959       172.71955         4.72706         0.14358         0.01791         1.00000          HIDESS 
         HD2952   2455185.99224       -36.46102         3.62602         9.48190       185.03240         6.09715         0.13123         0.01806         1.00000          HIDESS 
         HD2952   2455203.99179       -46.26957         3.16105         9.48796       184.88017         7.26995         0.10295         0.01770         1.00000          HIDESS 
         HD2952   2455233.95869       -18.28827         2.87222         9.43606       182.28728         5.15694         0.11905         0.02339         1.00000          HIDESS 
         HD2952   2455351.27742        46.38826         3.86625         9.35366       125.95377         4.65501         0.03310         0.02428         1.00000          HIDESS 
         HD2952   2455398.25056        43.19556         3.50018         9.39329       161.38253         4.25580         0.14450         0.02089         1.00000          HIDESS 
         HD2952   2455437.15541         7.95190         3.51449         9.44180       171.23554         5.44050         0.13643         0.01889         1.00000          HIDESS 
         HD2952   2455468.21494       -17.11232         3.90699         9.43277       177.28598         5.64937         0.36889         0.03444         1.00000          HIDESS 
         HD2952   2455499.01290       -14.13572         5.09270         9.46888       157.89107         6.32874         0.09621         0.02427         1.00000          HIDESS 
         HD2952   2455524.96691       -16.62058         3.39936         9.42425       177.11606         4.28323         0.15190         0.01682         1.00000          HIDESS 
         HD2952   2455545.08011       -11.56175         4.71399         9.49598       196.53192         8.60933         0.07801         0.02883         1.00000          HIDESS 
         HD2952   2455579.98404        11.53021         4.44559         9.46217       170.49232         9.64945         0.11616         0.03521         1.00000          HIDESS 
         HD2952   2455581.95262        21.20139         3.42503         9.48424       180.16348         6.51738         0.41064         0.04267         1.00000          HIDESS 
         HD2952   2455582.98417         6.52605         3.49047         9.49623       185.83761         9.05105         0.58956         0.07947         1.00000          HIDESS 
         HD2952   2455587.99752        15.22241         3.99462         9.42578       192.27780         9.22582         0.15072         0.05090         1.00000          HIDESS 
         HD2952   2455610.92897        10.86757         4.69301         9.42394       179.85693        10.86792         0.10607         0.05468         1.00000          HIDESS 
         HD2952   2455624.91274         8.52254         4.04202         9.41531       192.51523         8.85848         0.16298         0.05486         1.00000          HIDESS 
         HD2952   2455758.19033        -2.24703         3.54377         9.40808       192.33085         8.64320         0.15121         0.03126         1.00000          HIDESS 
         HD2952   2455759.20464       -15.60917         3.60178         9.39589       187.09838         6.47649         0.11314         0.02329         1.00000          HIDESS 
         HD2952   2455770.27036        -0.28563         3.54176         9.38848       180.48076         5.43179         0.13611         0.01709         1.00000          HIDESS 
         HD2952   2455785.28496         5.40450         3.72938         9.54563       181.57753         5.28828         0.15532         0.01768         1.00000          HIDESS 
         HD2952   2455789.19756       -36.14125         4.41244         9.47936       178.20683         7.94762         0.15421         0.03234         1.00000          HIDESS 
         HD2952   2455791.31899        -3.11232         4.73210         9.40137       170.92865         9.34669         0.19401         0.03251         1.00000          HIDESS 
         HD2952   2455810.31327        -9.84137         3.53611         9.41271       193.36075         4.65756         0.14328         0.01605         1.00000          HIDESS 
         HD2952   2455811.26219        -9.93010         3.18965         9.40793       199.24769         5.06627         0.13992         0.01551         1.00000          HIDESS 
         HD2952   2455847.04543         1.60591         4.09983         9.33616       181.33362         7.03320         0.10110         0.03017         1.00000          HIDESS 
         HD2952   2455879.06531       -20.96678         4.36578         9.43394       182.14074         7.76145         0.10396         0.02302         1.00000          HIDESS 
         HD2952   2455918.89099        -4.73333         4.97311         9.36500       158.91504         8.72157         0.09170         0.03478         1.00000          HIDESS 
         HD2952   2455922.97710         8.20429         3.69547         9.40132       195.64979         5.62011         0.12293         0.02040         1.00000          HIDESS 
         HD2952   2455938.92252         8.75608         3.24597         9.47651       184.05859         8.11929         0.09688         0.02316         1.00000          HIDESS 
         HD2952   2455943.88523        13.48379         3.35449         9.44242       173.39019         5.72997         0.12714         0.01997         1.00000          HIDESS 
         HD2952   2456088.28443       -19.40884         3.65654         9.41431       178.61023         6.30569         0.09792         0.02541         1.00000          HIDESS 
         HD2952   2456134.27738       -20.70824         2.67665         9.70909       171.25542         6.30710             nan             nan             nan         HIDESF1 
         HD2952   2456135.19539        -9.33595         2.93549         9.76395       169.39289         8.22626             nan             nan             nan         HIDESF1 
         HD2952   2456136.17036       -27.07092         2.79575         9.72046       189.13134         5.86613             nan             nan             nan         HIDESF1 
         HD2952   2456137.32138       -31.39179         2.58953         9.70327       164.41636         5.11032             nan             nan             nan         HIDESF1 
         HD2952   2456138.27761       -19.63859         2.74252         9.71781       173.67578         7.35447             nan             nan             nan         HIDESF1 
         HD2952   2456156.30809       -14.54854         3.46828         9.40003       183.52434         5.72805         0.14849         0.02147         1.00000          HIDESS 
         HD2952   2456157.22034         0.94016         3.59766         9.46575       179.82502         5.29601         0.14855         0.02204         1.00000          HIDESS 
         HD2952   2456165.14861       -11.68155         2.62446         9.72501       164.02280         4.19581             nan             nan             nan         HIDESF1 
         HD2952   2456213.21176        10.58670         3.80717         9.64028       173.50720         5.17215         0.24267         0.02644         1.00000          HIDESS 
         HD2952   2456219.12555        23.50516         3.09592        10.00208       139.16850         5.12567             nan             nan             nan         HIDESF1 
         HD2952   2456235.00926        21.76063         4.53339         9.64828       167.23551         6.77856         0.10428         0.02336         1.00000          HIDESS 
         HD2952   2456238.13774        35.80172         4.75756         9.69309       164.49603         7.43775         0.14777         0.03086         1.00000          HIDESS 
         HD2952   2456239.99078        28.76186         3.15396        10.01726       186.77902         6.20421             nan             nan             nan         HIDESF1 
         HD2952   2456244.04113        20.82516         3.40176         9.99822       182.22827         6.27137             nan             nan             nan         HIDESF1 
         HD2952   2456247.98548        44.64066         4.68779         9.68710       172.85793         8.73205         0.13589         0.02480         1.00000          HIDESS 
         HD2952   2456252.07800        26.21564         4.34215         9.70980       178.07657         5.51724         0.11514         0.01936         1.00000          HIDESS 
         HD2952   2456283.88505        32.92314         3.67795         9.45699       158.36866         4.90544         0.13995         0.02046         1.00000          HIDESS 
         HD2952   2456534.27016        14.38216         4.85330         9.71358       169.34676         9.38674             nan             nan             nan         HIDESF1 
         HD2952   2456597.04380         8.95879         6.50937         9.80741       167.62148        11.27004             nan             nan             nan         HIDESF1 
         HD2952   2456619.15890         0.51695         3.90210         9.35747       151.84304         5.96753         0.15825         0.04237         1.00000          HIDESS 
         HD2952   2456679.98089       -11.36543         3.71538         9.86667       192.06091         8.34769             nan             nan             nan         HIDESF1 
         HD2952   2456948.07140       -19.70361         3.06825         9.79003       165.52820         6.64931             nan             nan             nan         HIDESF1 
         HD2952   2457001.06499        -5.06854         3.40629         9.77663       149.27217         5.34865             nan             nan             nan         HIDESF1 
         HD2952   2457235.12395         0.31386         2.69237         9.76265       149.28192         5.85264             nan             nan             nan         HIDESF1 
         HD2952   2457238.15870        11.00466         3.04440         9.79136       172.66757         7.85504             nan             nan             nan         HIDESF1 
         HD2952   2457238.20178        12.29876         2.99803         9.77783       165.06760         6.74880             nan             nan             nan         HIDESF1 
         HD2952   2457238.27059         3.49440         2.85045         9.82710       154.23586         6.23728             nan             nan             nan         HIDESF1 
         HD2952   2457322.13655        14.07662         3.37228         9.75307       158.64021         5.66006             nan             nan             nan         HIDESF1 
         HD2952   2457361.13094        11.38889         3.68456         9.81794       161.46561         7.07495             nan             nan             nan         HIDESF1 
         HD2952   2457423.94618         5.23355         3.46859         9.80434       168.45739         7.39817             nan             nan             nan         HIDESF1 
         HD2952   2457592.15669         2.75053         2.71671         9.75989       155.97292         5.77477             nan             nan             nan         HIDESF1 
         HD2952   2457676.19750       -20.19552         2.74358         9.78347       174.75602         6.27303             nan             nan             nan         HIDESF1 
         HD2952   2457729.06614        -5.92490         3.49760         9.76811       166.35443         6.05089             nan             nan             nan         HIDESF1 
         HD2952   2457753.10980         2.80124         4.80918         9.75526       144.06933        15.40547             nan             nan             nan         HIDESF1 
         HD2952   2457755.99752         6.50128         3.40920         9.78154       160.75851         6.03403             nan             nan             nan         HIDESF1 
         HD2952   2457756.00361         8.36999         3.33079         9.79665       146.99802         6.45624             nan             nan             nan         HIDESF1 
         HD2952   2457986.20592        -0.95558         3.07586         9.81920       177.23224         7.85890             nan             nan             nan         HIDESF1 
         HD2952   2458086.06365         4.33623         3.17768         9.77390       153.63514         6.15449             nan             nan             nan         HIDESF1 
         HD2952   2458765.21900       -18.71676         4.61540        10.18216       132.78744         7.65173             nan             nan             nan         HIDESF2 
         HD2952   2458771.21011        -1.50149         5.23761        10.13681       152.32748        12.15537             nan             nan             nan         HIDESF2 
         HD2952   2458773.00562       -19.27272         3.37622        10.13192       162.64756         5.71955             nan             nan             nan         HIDESF2 
         HD2952   2458779.29193        -3.51895         5.37105        10.07213       157.94320         9.79723             nan             nan             nan         HIDESF2 
         HD2952   2458793.17307        -4.26173         3.25043        10.08000       128.73885         4.56160             nan             nan             nan         HIDESF2 
         HD2952   2458794.16874         0.64326         4.37441        10.11705       118.74442         9.28524             nan             nan             nan         HIDESF2 
         HD2952   2458796.24157        -2.60174         4.54789        10.05437       132.35139         7.60728             nan             nan             nan         HIDESF2 
         HD2952   2458797.15788         5.90119         3.66970        10.09829       115.40938         8.38467             nan             nan             nan         HIDESF2 
         HD2952   2458798.18468        18.40432         3.28889        10.07968       117.25377         6.33833             nan             nan             nan         HIDESF2 
         HD2952   2458800.09528        10.57770         3.53233        10.06258       112.54969         5.27611             nan             nan             nan         HIDESF2 
         HD2952   2458802.13593        -5.47418         3.91216        10.09217       153.02966         9.17490             nan             nan             nan         HIDESF2 
         HD2952   2458805.18354         8.11504         4.66919        10.15745       101.92750         7.88336             nan             nan             nan         HIDESF2 
         HD2952   2458808.16455        -7.79318         3.49580        10.07860       151.04148         8.43437             nan             nan             nan         HIDESF2 
         HD2952   2458809.08691        -7.16641         3.78854        10.12765       135.33762         6.84999             nan             nan             nan         HIDESF2 
         HD2952   2458811.20505         4.49520         3.97159        10.11153       143.84600         8.41480             nan             nan             nan         HIDESF2 
         HD2952   2458825.15840         8.90160         5.28815         9.89771       104.85954         4.46909             nan             nan             nan         HIDESF2 
         HD2952   2458826.10819        15.94010         3.80396         9.84742       122.74584         7.56460             nan             nan             nan         HIDESF2 
         HD2952   2459191.10604         0.92954         4.42121         9.84177       106.85442         3.69463             nan             nan             nan         HIDESF2 
