        HD45410   2453028.20508         0.47185         4.63218             nan             nan             nan             nan             nan             nan          HIDESS 
        HD45410   2453107.96424        13.72851         4.45176             nan             nan             nan             nan             nan             nan          HIDESS 
        HD45410   2453290.24476        33.40445         4.66237             nan             nan             nan             nan             nan             nan          HIDESS 
        HD45410   2453307.16505        31.08080         3.20409             nan             nan             nan             nan             nan             nan          HIDESS 
        HD45410   2453363.32940        23.49224         3.64238             nan             nan             nan             nan             nan             nan          HIDESS 
        HD45410   2453448.04026        -1.25313         3.93609             nan             nan             nan             nan             nan             nan          HIDESS 
        HD45410   2453467.95780         3.56058         8.23309             nan             nan             nan             nan             nan             nan          HIDESS 
        HD45410   2453494.97947        -9.68640         6.50654             nan             nan             nan             nan             nan             nan          HIDESS 
        HD45410   2453659.29007       -36.20385         3.56031             nan             nan             nan             nan             nan             nan          HIDESS 
        HD45410   2453694.31471       -44.01865         3.74866             nan             nan             nan             nan             nan             nan          HIDESS 
        HD45410   2453729.20345       -33.02707         4.08840             nan             nan             nan             nan             nan             nan          HIDESS 
        HD45410   2453743.16647       -23.74463         3.88417             nan             nan             nan             nan             nan             nan          HIDESS 
        HD45410   2453811.94499       -19.10648         3.31649             nan             nan             nan             nan             nan             nan          HIDESS 
        HD45410   2453852.96518        -9.51798         4.51982             nan             nan             nan             nan             nan             nan          HIDESS 
        HD45410   2454022.30306        13.52036         3.72210             nan             nan             nan             nan             nan             nan          HIDESS 
        HD45410   2454049.24855        19.58666         5.06824             nan             nan             nan             nan             nan             nan          HIDESS 
        HD45410   2454087.28463        27.27645         3.64125             nan             nan             nan             nan             nan             nan          HIDESS 
        HD45410   2454122.21037        31.37270         3.74987             nan             nan             nan             nan             nan             nan          HIDESS 
        HD45410   2454143.17170        39.21327         3.87499             nan             nan             nan             nan             nan             nan          HIDESS 
        HD45410   2454169.05060        32.72417         4.03707             nan             nan             nan             nan             nan             nan          HIDESS 
        HD45410   2454196.00613        24.22465         4.75333             nan             nan             nan             nan             nan             nan          HIDESS 
        HD45410   2454215.96728        32.21860         4.12857             nan             nan             nan             nan             nan             nan          HIDESS 
        HD45410   2454338.31449         3.19084         4.57447             nan             nan             nan             nan             nan             nan          HIDESS 
        HD45410   2454379.26051        -7.24130         3.74280             nan             nan             nan             nan             nan             nan          HIDESS 
        HD45410   2454416.11074        -7.41691         5.02860             nan             nan             nan             nan             nan             nan          HIDESS 
        HD45410   2454458.17407       -24.12132         3.73220         8.86705       117.37180         7.00318         0.15784         0.02172         1.00000          HIDESS 
        HD45410   2454492.16937       -32.82592         3.42538         8.91847        95.04650         4.51995         0.15962         0.01840         1.00000          HIDESS 
        HD45410   2454524.01301       -17.23793         3.61293         8.88675       111.92826         6.66197         0.11374         0.01545         1.00000          HIDESS 
        HD45410   2454553.93434       -28.66158         3.09904         8.91142       112.06445         5.58618         0.15666         0.01667         1.00000          HIDESS 
        HD45410   2454556.98430       -33.74028         2.98075         8.93252       106.49878         4.70872         0.15548         0.01855         1.00000          HIDESS 
        HD45410   2454586.94845       -23.18937         3.62679         8.83846        81.88923         6.07518         0.12861         0.03124         1.00000          HIDESS 
        HD45410   2454759.19535       -16.61681         3.33386         8.82242        83.96333         4.55915         0.15735         0.02632         1.00000          HIDESS 
        HD45410   2454796.32768        -0.93257         3.83703         8.84166       108.96426         5.04449         0.14950         0.01892         1.00000          HIDESS 
        HD45410   2454818.14597       -12.22757         3.44055         8.89566       119.51270         6.70189         0.13886         0.02100         1.00000          HIDESS 
        HD45410   2454855.19068        -2.71407         6.00361         8.89957       126.75964        10.36207         0.11150         0.04891         1.00000          HIDESS 
        HD45410   2454856.16111         0.64570         3.53341         8.89147       108.15411         5.58258         0.12820         0.02350         1.00000          HIDESS 
        HD45410   2454884.08144        18.51704         4.00161         8.83497       107.17230         6.40696         0.15540         0.02369         1.00000          HIDESS 
        HD45410   2454925.00706         9.83094         5.56395         8.79617        81.18637         5.19863         0.12783         0.04779         1.00000          HIDESS 
        HD45410   2454928.04078        12.20770         3.01864         8.76985        79.03854         6.07704         0.15520         0.03640         1.00000          HIDESS 
        HD45410   2454949.99284        24.07851         3.89336         8.76904        94.61020         7.78830         0.14060         0.06113         1.00000          HIDESS 
        HD45410   2455133.34433        29.41865         4.06579         8.73912       107.30745         4.69055         0.14618         0.01968         1.00000          HIDESS 
        HD45410   2455161.32194        16.98105         3.67576         8.83751       124.17355         4.84589         0.14109         0.01554         1.00000          HIDESS 
        HD45410   2455182.23027        13.03073         3.59813         8.85453       141.42431         6.77018         0.13331         0.01653         1.00000          HIDESS 
        HD45410   2455585.24198       -41.11136         3.78059         8.78401        81.82019         6.01655         0.12172         0.04001         1.00000          HIDESS 
        HD45410   2455879.28539        24.44038         3.62841         8.80477       116.07292         5.10252         0.14426         0.01872         1.00000          HIDESS 
        HD45410   2456287.21780       -20.99663         3.36399             nan             nan             nan             nan             nan             nan          HIDESS 
        HD45410   2456578.35865        -9.49859         3.91186         8.79025       115.19884         6.20924         0.12960         0.02087         1.00000          HIDESS 
        HD45410   2456664.18570       -11.41648         3.74263         9.23303       121.34735         6.14268             nan             nan             nan         HIDESF1 
        HD45410   2456734.05078        -0.25289         3.61583         9.27226       105.30223         5.38027             nan             nan             nan         HIDESF1 
        HD45410   2456947.28667        16.48697         3.83773         9.21329       107.29163         4.64190             nan             nan             nan         HIDESF1 
        HD45410   2456991.13802        20.22219         3.62623         9.21721        90.18101         4.96448             nan             nan             nan         HIDESF1 
        HD45410   2457001.13110        15.53976         3.41961         9.21899        98.18048         3.89970             nan             nan             nan         HIDESF1 
        HD45410   2457046.16818        22.48342         3.25400         8.82223       123.08525         5.20075         0.11074         0.01405         1.00000          HIDESS 
        HD45410   2457054.05104        20.43509         3.87496         9.21555       119.24639         6.05342             nan             nan             nan         HIDESF1 
        HD45410   2457055.17321         6.85003         3.51292         9.22883        84.74922         4.59905             nan             nan             nan         HIDESF1 
        HD45410   2457235.30693       -32.79429         4.06877         9.21480        95.38967         7.36136             nan             nan             nan         HIDESF1 
        HD45410   2457327.28460       -33.58013         3.51208         8.76664       115.54369         5.22221         0.13669         0.01636         1.00000          HIDESS 
        HD45410   2457392.12699       -46.22433         3.05629         9.21883       114.83991         6.16248             nan             nan             nan         HIDESF1 
        HD45410   2457426.05643       -46.78031         3.24308         9.22459        95.64673         5.62347             nan             nan             nan         HIDESF1 
        HD45410   2457753.22780        15.47178         3.92540         9.19651       120.82554         6.37214             nan             nan             nan         HIDESF1 
        HD45410   2457760.32292        24.72003         3.46903         9.17245       112.55072         5.65153             nan             nan             nan         HIDESF1 
        HD45410   2457795.05190        14.97413         3.65065         9.19641       136.34456         7.26702             nan             nan             nan         HIDESF1 
        HD45410   2457865.99558        18.95763         3.90362         9.20461        91.95094         4.08207             nan             nan             nan         HIDESF1 
        HD45410   2458084.25289       -16.39501         3.31139         9.18028       108.29218         7.99116             nan             nan             nan         HIDESF1 
        HD45410   2458477.28912        -3.91672         4.01351         9.49186        69.27168         4.83920             nan             nan             nan         HIDESF2 
        HD45410   2458487.19275        -9.38443         4.71932         9.53413       109.12664         4.91340             nan             nan             nan         HIDESF2 
        HD45410   2458506.25583         0.01290         5.16726         9.56283        80.55284         6.94829             nan             nan             nan         HIDESF2 
        HD45410   2458826.34841        23.82332         4.08204         9.25907        62.32903         4.06441             nan             nan             nan         HIDESF2 
        HD45410   2458850.24807        15.32398         5.13252         9.22509        73.88044        11.46411             nan             nan             nan         HIDESF2 
        HD45410   2459191.16509       -20.59506         4.50983         9.24664        28.11652         5.40676             nan             nan             nan         HIDESF2 
