        HD47366   2454046.34587        53.99000        27.92000             nan             nan             nan             nan             nan             nan            CESO 
        HD47366   2454093.19204        10.99982         4.61207             nan             nan             nan             nan             nan             nan          HIDESS 
        HD47366   2454133.12913        53.23000        21.39000             nan             nan             nan             nan             nan             nan            CESO 
        HD47366   2454144.11934       -19.48358         4.68673             nan             nan             nan             nan             nan             nan          HIDESS 
        HD47366   2454172.01776       -18.76191         3.73960             nan             nan             nan             nan             nan             nan          HIDESS 
        HD47366   2454398.38067       101.38000        17.20000             nan             nan             nan             nan             nan             nan            CESO 
        HD47366   2454459.23666       117.08000        30.81000             nan             nan             nan             nan             nan             nan            CESO 
        HD47366   2454459.25493        32.80000        27.00000             nan             nan             nan             nan             nan             nan            CESO 
        HD47366   2454467.13536        -4.79485         4.29853         9.11477       169.41123         8.27396         0.15410         0.02660         1.00000          HIDESS 
        HD47366   2454553.97209       -31.48509         4.18612         9.12270       184.88812         8.75007         0.17197         0.05925         1.00000          HIDESS 
        HD47366   2454755.29263        33.41096         3.54067         9.02528       115.95708         4.97951         0.14197         0.02665         1.00000          HIDESS 
        HD47366   2454796.26154        36.44938         4.19490         9.07358       182.55924        10.78978         0.12771         0.03487         1.00000          HIDESS 
        HD47366   2454818.17597        19.28342         3.92641         9.11081       160.62962         7.14091         0.15563         0.03019         1.00000          HIDESS 
        HD47366   2454823.12084        14.46659         4.21685         9.09621       144.71099         7.08124         0.15272         0.03887         1.00000          HIDESS 
        HD47366   2454834.16896        12.56095         4.42182         9.14505       168.71427         7.11267         0.10871         0.02447         1.00000          HIDESS 
        HD47366   2454856.09226        -6.16417         3.83559         9.12971       149.07070         6.72407         0.14958         0.02458         1.00000          HIDESS 
        HD47366   2454863.10215        -6.47784         4.44247         9.09583       119.57803         9.28174         0.11177         0.04687         1.00000          HIDESS 
        HD47366   2454864.04271       -11.62215         3.66055         9.04317       161.51275         6.10345         0.11675         0.02170         1.00000          HIDESS 
        HD47366   2454883.04388        -8.14608         4.61059         9.06204       153.84362         9.34212         0.12142         0.04536         1.00000          HIDESS 
        HD47366   2454923.93591       -17.29639         3.75405         9.09701       183.08171         7.68455         0.12885         0.04354         1.00000          HIDESS 
        HD47366   2455108.31580        41.63083         4.16510         8.98030       135.31006         7.83736         0.09989         0.04331         1.00000          HIDESS 
        HD47366   2455131.32661        47.80656         3.51351         9.04968       167.43400         6.43497         0.12742         0.02313         1.00000          HIDESS 
        HD47366   2455161.35026        40.84664         4.78166         9.14293       179.31223        11.25835         0.03922         0.02567         1.00000          HIDESS 
        HD47366   2455172.26994        96.73000        19.05000             nan             nan             nan             nan             nan             nan            CESN 
        HD47366   2455172.29115        76.60000        15.71000             nan             nan             nan             nan             nan             nan            CESN 
        HD47366   2455172.31248        51.67000        14.37000             nan             nan             nan             nan             nan             nan            CESN 
        HD47366   2455173.28437        45.82000        15.67000             nan             nan             nan             nan             nan             nan            CESN 
        HD47366   2455173.30558        56.52000        16.41000             nan             nan             nan             nan             nan             nan            CESN 
        HD47366   2455173.32691        65.67000        17.79000             nan             nan             nan             nan             nan             nan            CESN 
        HD47366   2455173.34803        65.70000        14.76000             nan             nan             nan             nan             nan             nan            CESN 
        HD47366   2455182.16574        11.44374         4.24445         8.96733       163.55678         7.82163         0.09593         0.02578         1.00000          HIDESS 
        HD47366   2455204.12100        -6.92483         4.57910         9.10107       157.59933        10.40217         0.10761         0.03318         1.00000          HIDESS 
        HD47366   2455226.06328       -45.55000        24.43000             nan             nan             nan             nan             nan             nan            CESN 
        HD47366   2455226.11359       -20.17000        22.59000             nan             nan             nan             nan             nan             nan            CESN 
        HD47366   2455227.09287       -26.57000        11.76000             nan             nan             nan             nan             nan             nan            CESN 
        HD47366   2455227.11459       -46.69000        13.18000             nan             nan             nan             nan             nan             nan            CESN 
        HD47366   2455227.13583       -12.38000        14.99000             nan             nan             nan             nan             nan             nan            CESN 
        HD47366   2455232.99816       -43.87834         3.61500         9.05775       141.42815         5.45005         0.12408         0.02214         1.00000          HIDESS 
        HD47366   2455267.01406       -59.93744         3.59428         9.00062       170.83832         7.78311         0.04400         0.02789         1.00000          HIDESS 
        HD47366   2455282.00015       -14.95000        13.80000             nan             nan             nan             nan             nan             nan            CESN 
        HD47366   2455282.01089       -22.57000        15.56000             nan             nan             nan             nan             nan             nan            CESN 
        HD47366   2455282.02160       -61.02000        17.25000             nan             nan             nan             nan             nan             nan            CESN 
        HD47366   2455282.98675       -45.16000        16.54000             nan             nan             nan             nan             nan             nan            CESN 
        HD47366   2455283.00788       -59.43000        16.13000             nan             nan             nan             nan             nan             nan            CESN 
        HD47366   2455283.02899       -52.03000        15.03000             nan             nan             nan             nan             nan             nan            CESN 
        HD47366   2455283.98109       -51.62000        13.79000             nan             nan             nan             nan             nan             nan            CESN 
        HD47366   2455284.00637       -29.21000        20.65000             nan             nan             nan             nan             nan             nan            CESN 
        HD47366   2455284.02755       -48.95000        20.95000             nan             nan             nan             nan             nan             nan            CESN 
        HD47366   2455284.04865        -6.26000        21.05000             nan             nan             nan             nan             nan             nan            CESN 
        HD47366   2455294.93583       -62.53930         3.49471         9.02691       205.32974         7.69011         0.09137         0.04918         1.00000          HIDESS 
        HD47366   2455471.29932        24.88620         3.69604         9.02862       117.57841         4.68265         0.10048         0.03149         1.00000          HIDESS 
        HD47366   2455502.24032        34.19674         4.09558         9.00261       143.51308         6.96328         0.11050         0.03243         1.00000          HIDESS 
        HD47366   2455520.33537        39.59000        17.73000             nan             nan             nan             nan             nan             nan            CESN 
        HD47366   2455520.35708        21.56000        16.20000             nan             nan             nan             nan             nan             nan            CESN 
        HD47366   2455525.23075        34.40755         4.81425         9.02317       166.52276         9.52041         0.04563         0.02830         1.00000          HIDESS 
        HD47366   2455545.22362        18.44211         3.76025         9.04830       160.82912         7.63795         0.09820         0.03035         1.00000          HIDESS 
        HD47366   2455552.24468        34.69000        14.87000             nan             nan             nan             nan             nan             nan            CESN 
        HD47366   2455552.26868        24.93000        21.94000             nan             nan             nan             nan             nan             nan            CESN 
        HD47366   2455581.04516       -12.07688         3.72399         9.07693       134.14463         5.30915         0.14378         0.02710         1.00000          HIDESS 
        HD47366   2455611.01697        -8.85996         4.19772         9.02341       170.38869         8.54966         0.07539         0.02912         1.00000          HIDESS 
        HD47366   2455625.02644       -13.99127         3.48188         9.04609       138.43507         6.08552         0.06153         0.03266         1.00000          HIDESS 
        HD47366   2455656.93234       -10.50406         3.84575         9.01725       212.10410         9.24122         0.12597         0.05874         1.00000          HIDESS 
        HD47366   2455854.28038        34.26253         3.66228         9.04268       124.24298         4.37498         0.09120         0.02393         1.00000          HIDESS 
        HD47366   2455877.25706        17.52949         5.46470         8.98086       173.76737        18.58537         0.12722         0.09232         1.00000          HIDESS 
        HD47366   2455878.34406        43.36000        13.50000             nan             nan             nan             nan             nan             nan             HRS 
        HD47366   2455878.36928        33.75000        13.50000             nan             nan             nan             nan             nan             nan             HRS 
        HD47366   2455878.39231        -0.73000        16.05000             nan             nan             nan             nan             nan             nan             HRS 
        HD47366   2455878.41542        42.81000        16.18000             nan             nan             nan             nan             nan             nan             HRS 
        HD47366   2455879.29786         4.27000        19.96000             nan             nan             nan             nan             nan             nan             HRS 
        HD47366   2455882.30168        11.75613         3.79504         9.07042       185.89216         6.78535         0.19574         0.04512         1.00000          HIDESS 
        HD47366   2455905.20613        23.16000        11.56000             nan             nan             nan             nan             nan             nan             HRS 
        HD47366   2455905.22918        14.68000        12.04000             nan             nan             nan             nan             nan             nan             HRS 
        HD47366   2455905.25216        36.90000        14.27000             nan             nan             nan             nan             nan             nan             HRS 
        HD47366   2455905.27520        48.98000        15.64000             nan             nan             nan             nan             nan             nan             HRS 
        HD47366   2455907.26569         1.38000         8.18000             nan             nan             nan             nan             nan             nan             HRS 
        HD47366   2455907.28904        -8.44000         9.30000             nan             nan             nan             nan             nan             nan             HRS 
        HD47366   2455907.31200         8.20000        10.15000             nan             nan             nan             nan             nan             nan             HRS 
        HD47366   2455907.33497         7.82000         9.57000             nan             nan             nan             nan             nan             nan             HRS 
        HD47366   2455922.13889       -13.85418         3.95934         9.07536       143.70580         6.27651         0.13636         0.03029         1.00000          HIDESS 
        HD47366   2455936.14404       -29.36000        10.11000             nan             nan             nan             nan             nan             nan             HRS 
        HD47366   2455936.16757       -35.52000        10.34000             nan             nan             nan             nan             nan             nan             HRS 
        HD47366   2455936.19104       -32.01000        10.67000             nan             nan             nan             nan             nan             nan             HRS 
        HD47366   2455936.21395       -22.04000        11.92000             nan             nan             nan             nan             nan             nan             HRS 
        HD47366   2455938.10288       -34.10859         3.84348         9.02379       148.92688         5.28879         0.13601         0.02424         1.00000          HIDESS 
        HD47366   2455959.11480       -30.57000        22.97000             nan             nan             nan             nan             nan             nan             HRS 
        HD47366   2455959.13775       -43.36000        20.46000             nan             nan             nan             nan             nan             nan             HRS 
        HD47366   2455959.16072       -43.22000        18.84000             nan             nan             nan             nan             nan             nan             HRS 
        HD47366   2455959.18368       -62.76000        24.07000             nan             nan             nan             nan             nan             nan             HRS 
        HD47366   2455960.09918       -49.14000        13.67000             nan             nan             nan             nan             nan             nan             HRS 
        HD47366   2455960.12215       -39.46000        15.51000             nan             nan             nan             nan             nan             nan             HRS 
        HD47366   2455966.05348       -39.47000        19.32000             nan             nan             nan             nan             nan             nan             HRS 
        HD47366   2455966.07652       -31.79000        20.95000             nan             nan             nan             nan             nan             nan             HRS 
        HD47366   2455966.09951       -79.17000        17.80000             nan             nan             nan             nan             nan             nan             HRS 
        HD47366   2455966.12250       -67.76000        17.67000             nan             nan             nan             nan             nan             nan             HRS 
        HD47366   2455976.04274       -49.39773         4.70589         9.07732       164.76223         7.76044         0.12997         0.03798         1.00000          HIDESS 
        HD47366   2455997.97406       -66.24000        10.18000             nan             nan             nan             nan             nan             nan             HRS 
        HD47366   2455997.99732       -52.05000        11.16000             nan             nan             nan             nan             nan             nan             HRS 
        HD47366   2455998.02060       -47.66000        11.05000             nan             nan             nan             nan             nan             nan             HRS 
        HD47366   2455998.04388       -60.49000        10.68000             nan             nan             nan             nan             nan             nan             HRS 
        HD47366   2456010.93252       -65.54709         5.66727         8.99635       128.56824        14.39243         0.07375         0.06355         1.00000          HIDESS 
        HD47366   2456032.96647       -55.83322         4.44240         8.99907       191.54430        14.09552         0.26961         0.15616         1.00000          HIDESS 
        HD47366   2456199.33422        51.35000         6.54000             nan             nan             nan             nan             nan             nan             HRS 
        HD47366   2456199.35741        45.59000         7.80000             nan             nan             nan             nan             nan             nan             HRS 
        HD47366   2456215.30922        27.99487         3.91746         9.35872       163.18715         8.49806         0.09909         0.02489         1.00000          HIDESS 
        HD47366   2456232.33632        54.89000         5.89000             nan             nan             nan             nan             nan             nan             HRS 
        HD47366   2456232.35956        61.48000         6.12000             nan             nan             nan             nan             nan             nan             HRS 
        HD47366   2456235.27575        41.71550         3.68837         9.23495       153.02448         6.13360         0.12021         0.02349         1.00000          HIDESS 
        HD47366   2456249.30537        26.45228         4.83020         9.36806       149.23322         7.89528         0.07958         0.02930         1.00000          HIDESS 
        HD47366   2456284.09526        -0.34416         4.75064         9.00428       106.79013         5.41888         0.12667         0.04380         1.00000          HIDESS 
        HD47366   2456287.18724        30.60000         9.50000             nan             nan             nan             nan             nan             nan             HRS 
        HD47366   2456287.21047        35.52000        10.34000             nan             nan             nan             nan             nan             nan             HRS 
        HD47366   2456287.23370        32.06000         9.39000             nan             nan             nan             nan             nan             nan             HRS 
        HD47366   2456287.25844        47.44000        11.03000             nan             nan             nan             nan             nan             nan             HRS 
        HD47366   2456318.08846        31.16000        11.25000             nan             nan             nan             nan             nan             nan             HRS 
        HD47366   2456318.11166        13.27000        11.99000             nan             nan             nan             nan             nan             nan             HRS 
        HD47366   2456318.13541        21.01000        12.00000             nan             nan             nan             nan             nan             nan             HRS 
        HD47366   2456318.15871        25.07000        11.17000             nan             nan             nan             nan             nan             nan             HRS 
        HD47366   2456344.03201        11.76000         8.52000             nan             nan             nan             nan             nan             nan             HRS 
        HD47366   2456344.05522        23.29000         9.47000             nan             nan             nan             nan             nan             nan             HRS 
        HD47366   2456344.07841        22.34000         9.87000             nan             nan             nan             nan             nan             nan             HRS 
        HD47366   2456552.29637        44.04584         5.56104         9.03265       178.47183        14.10090         0.12963         0.05159         1.00000          HIDESS 
        HD47366   2456577.28548         5.50260         4.96650         9.08482       115.91342         8.57428         0.17163         0.08344         1.00000          HIDESS 
        HD47366   2456578.28881        14.30826         4.68991         9.05076       140.45474        11.60124         0.13345         0.06541         1.00000          HIDESS 
        HD47366   2456578.30407        15.08000         4.28938         8.99415       143.79021         7.79187         0.12815         0.04858         1.00000          HIDESS 
        HD47366   2456579.25960        12.21951         5.68577         8.99559       126.44212         9.78263         0.17823         0.09834         1.00000          HIDESS 
        HD47366   2456583.31570        22.42000        10.63000             nan             nan             nan             nan             nan             nan             HRS 
        HD47366   2456583.33889        35.39000        11.03000             nan             nan             nan             nan             nan             nan             HRS 
        HD47366   2456583.36214        20.96000        11.67000             nan             nan             nan             nan             nan             nan             HRS 
        HD47366   2456609.21918        10.20290         3.81949         9.38656       147.85212         7.17265             nan             nan             nan         HIDESF1 
        HD47366   2456611.29233        18.21000         7.27000             nan             nan             nan             nan             nan             nan             HRS 
        HD47366   2456611.31551        20.81000         8.39000             nan             nan             nan             nan             nan             nan             HRS 
        HD47366   2456611.33887         7.72000         8.55000             nan             nan             nan             nan             nan             nan             HRS 
        HD47366   2456616.28325        20.11723         3.60998         9.41072       124.03605         4.53326             nan             nan             nan         HIDESF1 
        HD47366   2456618.20363         3.71442         3.83115         8.96124       111.57464         6.19327         0.13452         0.06329         1.00000          HIDESS 
        HD47366   2456645.19318       -18.03000        12.37000             nan             nan             nan             nan             nan             nan             HRS 
        HD47366   2456645.21654         9.17000        12.68000             nan             nan             nan             nan             nan             nan             HRS 
        HD47366   2456645.23984       -12.05000        15.41000             nan             nan             nan             nan             nan             nan             HRS 
        HD47366   2456645.26313       -22.92000        16.31000             nan             nan             nan             nan             nan             nan             HRS 
        HD47366   2456664.09976       -29.03949         3.58756         9.46061       114.30770         6.46958             nan             nan             nan         HIDESF1 
        HD47366   2456672.06463       -37.63627         3.74048         9.43872       146.71405         7.12093             nan             nan             nan         HIDESF1 
        HD47366   2456697.16000       -40.20628         4.99158         9.49420       142.85787        16.29231             nan             nan             nan         HIDESF1 
        HD47366   2456701.05531       -50.92000        11.31000             nan             nan             nan             nan             nan             nan             HRS 
        HD47366   2456701.07862       -55.62000        15.95000             nan             nan             nan             nan             nan             nan             HRS 
        HD47366   2456713.99328       -53.65922         4.53985         9.52262       147.38793        13.72905             nan             nan             nan         HIDESF1 
        HD47366   2456727.00817       -45.92065         3.55969         9.43529       133.02319         6.92053             nan             nan             nan         HIDESF1 
        HD47366   2456728.98987       -39.22000        16.13000             nan             nan             nan             nan             nan             nan             HRS 
        HD47366   2456729.01321       -50.79000        19.71000             nan             nan             nan             nan             nan             nan             HRS 
        HD47366   2456753.98445       -63.54048         4.63748         9.05574       179.21600        13.15386         0.28441         0.13320         1.00000          HIDESS 
        HD47366   2456909.31712        75.92733         3.92301         9.34868       114.45780         8.34480             nan             nan             nan         HIDESF1 
        HD47366   2456948.20985        54.65266         3.47969         9.40781       130.54033         5.59525             nan             nan             nan         HIDESF1 
        HD47366   2456964.31442        40.11651         3.60769         9.35930       118.65881         5.08289             nan             nan             nan         HIDESF1 
        HD47366   2456972.29604        18.21460         3.84734         9.01273       157.49475         5.80508         0.11802         0.02485         1.00000          HIDESS 
        HD47366   2456991.15002        39.01989         3.79625         9.39279       119.22247         7.79234             nan             nan             nan         HIDESF1 
        HD47366   2457001.09690        23.35942         3.79278         9.43262       109.04954         5.03300             nan             nan             nan         HIDESF1 
        HD47366   2457001.10771        28.20934         3.92696         9.36775       115.76763         4.84772             nan             nan             nan         HIDESF1 
        HD47366   2457001.11878        26.38032         4.08715         9.41026       125.53133         6.75791             nan             nan             nan         HIDESF1 
        HD47366   2457017.25612        25.85807         4.10971         9.42800       144.64726        10.29424             nan             nan             nan         HIDESF1 
        HD47366   2457047.16522       -20.13169         4.10344         9.08386       188.28394        11.42721         0.08432         0.06092         1.00000          HIDESS 
        HD47366   2457054.04061        -8.37664         3.81041         9.43285       123.19300         5.58123             nan             nan             nan         HIDESF1 
        HD47366   2457055.16427        -3.16459         3.55223         9.39476       132.03110         8.28962             nan             nan             nan         HIDESF1 
        HD47366   2457066.12346       -15.07951         4.16046         9.43249       139.75315         6.77054             nan             nan             nan         HIDESF1 
        HD47366   2457067.07156        -9.00902         4.74118         9.43822       136.91028        10.44642             nan             nan             nan         HIDESF1 
        HD47366   2457068.06229       -10.43286         3.65518         9.38673       119.75813         6.10768             nan             nan             nan         HIDESF1 
        HD47366   2457108.00963        -3.96964         3.96709         9.44224       105.20688         7.33866             nan             nan             nan         HIDESF1 
        HD47366   2457130.93730         9.50380         4.10537         9.43263       133.30952         8.41405             nan             nan             nan         HIDESF1 
        HD47366   2457133.95583        -0.71974         4.19355         9.07062       170.00629        12.39362         0.07326         0.03442         1.00000          HIDESS 
        HD47366   2457284.32078        26.07064         3.68054         9.39202       124.23132         5.96813             nan             nan             nan         HIDESF1 
        HD47366   2457304.30203        12.47254         3.39275         9.38049       127.88781         6.70913             nan             nan             nan         HIDESF1 
        HD47366   2457305.30067         8.29466         5.34936         9.40469       137.31649        10.89460             nan             nan             nan         HIDESF1 
        HD47366   2457305.31227         0.57248         3.53776         9.39736       125.09221         8.46215             nan             nan             nan         HIDESF1 
        HD47366   2457322.35608         9.07193         3.58650         9.43923       110.62173         5.15536             nan             nan             nan         HIDESF1 
        HD47366   2457324.33954        17.52615         3.20648         9.41146       150.27303         6.22607             nan             nan             nan         HIDESF1 
        HD47366   2457330.22915        -1.93750         3.33081         9.35224       123.86681         6.45504             nan             nan             nan         HIDESF1 
        HD47366   2457353.18466        -9.20498         3.65539         9.34102       133.57297         7.49331             nan             nan             nan         HIDESF1 
        HD47366   2457356.23652       -12.92209         3.68837         9.38177       128.98853         5.57560             nan             nan             nan         HIDESF1 
        HD47366   2457368.16458       -30.47588         3.62313         9.41298       130.02123         6.04299             nan             nan             nan         HIDESF1 
        HD47366   2457392.15338       -52.02302         3.91470         9.40376       116.78259         6.01249             nan             nan             nan         HIDESF1 
        HD47366   2457394.14676       -40.98883         3.36721         9.36818       154.71510         8.26914             nan             nan             nan         HIDESF1 
        HD47366   2457401.17854       -42.57422         3.57148         9.42116       129.91851         7.10342             nan             nan             nan         HIDESF1 
        HD47366   2457424.06834       -49.89604         3.57229         9.38822       113.26834         6.28714             nan             nan             nan         HIDESF1 
        HD47366   2457426.08562       -47.97047         3.26543         9.39768       132.30458         5.95696             nan             nan             nan         HIDESF1 
        HD47366   2457475.99921       -41.74513         3.70148         9.39674       125.65459         8.46256             nan             nan             nan         HIDESF1 
        HD47366   2457676.32723        52.59945         3.17326         9.36949       131.92758         6.13680             nan             nan             nan         HIDESF1 
        HD47366   2457688.37205        53.66283         4.44788         9.35468       165.55574        12.79756             nan             nan             nan         HIDESF1 
        HD47366   2457722.18108        30.40670         3.77733         9.39847       130.53529         6.85151             nan             nan             nan         HIDESF1 
        HD47366   2457726.22883        29.77606         4.16685         9.39055       131.35804         7.20965             nan             nan             nan         HIDESF1 
        HD47366   2457743.26251         8.25830         3.99247         9.38124       124.80007         9.38061             nan             nan             nan         HIDESF1 
        HD47366   2457756.24613         7.15486         4.62221         9.41782       134.40967        12.19446             nan             nan             nan         HIDESF1 
        HD47366   2457791.08669        -6.40805         4.51894         9.34892        86.95459         6.68114             nan             nan             nan         HIDESF1 
        HD47366   2457796.09409        -2.08771         4.00202         9.39993       118.59263         7.69364             nan             nan             nan         HIDESF1 
        HD47366   2457821.00502        -5.80771         3.33855         9.42385       149.56688         6.02664             nan             nan             nan         HIDESF1 
        HD47366   2458036.27225         1.06973         4.05013         9.43032       105.18462         5.14870             nan             nan             nan         HIDESF1 
        HD47366   2458066.27133        -6.76733         3.84480         9.43809       121.78727         7.61251             nan             nan             nan         HIDESF1 
        HD47366   2458083.23185       -16.30000         3.83167         9.37508       139.59358         8.37529             nan             nan             nan         HIDESF1 
        HD47366   2458489.21632        -2.39866         5.42606         9.69412       117.68433        16.16601             nan             nan             nan         HIDESF2 
        HD47366   2458507.01386        -5.54099         4.82683         9.71913        81.37725         6.57852             nan             nan             nan         HIDESF2 
        HD47366   2458528.95842        -3.57022         5.68034         9.69005        99.20975        10.20075             nan             nan             nan         HIDESF2 
        HD47366   2458531.01865       -12.77084         5.11011         9.64381       124.79452         7.78266             nan             nan             nan         HIDESF2 
        HD47366   2458531.98800        -2.94179         4.57194         9.67245        57.85661         3.42637             nan             nan             nan         HIDESF2 
        HD47366   2458550.96272        -0.01932         3.53408         9.66588        91.62141         4.05810             nan             nan             nan         HIDESF2 
        HD47366   2458556.97492        13.48187         3.77923         9.67829       102.57508         6.76419             nan             nan             nan         HIDESF2 
        HD47366   2458558.95056         4.92930         3.44843         9.63736        90.90474         3.96756             nan             nan             nan         HIDESF2 
        HD47366   2458751.35328        49.38826         6.11156         9.65775        98.07342         6.72629             nan             nan             nan         HIDESF2 
        HD47366   2458794.27407        28.52040         4.83017         9.70257       103.07643         5.57660             nan             nan             nan         HIDESF2 
        HD47366   2458796.33821        22.47824         4.60533         9.67682        78.07905         4.05820             nan             nan             nan         HIDESF2 
        HD47366   2458808.28495        18.17291         4.55148         9.72126        68.95430         3.87856             nan             nan             nan         HIDESF2 
        HD47366   2458827.25537        -0.72792         4.04360         9.45893       118.78282         8.67665             nan             nan             nan         HIDESF2 
        HD47366   2458833.10807        -2.33766         4.82198         9.48271        75.00866         7.28837             nan             nan             nan         HIDESF2 
        HD47366   2458850.06008       -15.92726         4.23719         9.55315        89.86474         7.18864             nan             nan             nan         HIDESF2 
        HD47366   2458880.09197       -26.15802         4.69677         9.50168       119.55323         7.62747             nan             nan             nan         HIDESF2 
        HD47366   2458893.10513       -16.24568         6.27104         9.53240        76.32885        11.46037             nan             nan             nan         HIDESF2 
        HD47366   2458899.99251       -11.51900         4.47654         9.43337        41.69171         2.78573             nan             nan             nan         HIDESF2 
        HD47366   2458925.01741        -0.00140         6.47578         9.45210        76.02592         7.52510             nan             nan             nan         HIDESF2 
        HD47366   2458929.98054        10.73028         6.30215         9.42857        84.63377         4.70878             nan             nan             nan         HIDESF2 
        HD47366   2458943.93891        26.29203         4.38961         9.47199        88.07178         6.54216             nan             nan             nan         HIDESF2 
        HD47366   2458945.95546        12.29687         4.01961         9.40325        71.87243         5.54820             nan             nan             nan         HIDESF2 
        HD47366   2459184.17022        17.33469         5.09051         9.45600        50.93196         5.74471             nan             nan             nan         HIDESF2 
        HD47366   2459188.14822        17.02941         4.13317         9.50587        84.39893         5.70482             nan             nan             nan         HIDESF2 
        HD47366   2459191.26105         5.55337         3.97255         9.46576        92.68886         7.20629             nan             nan             nan         HIDESF2 
        HD47366   2459269.98914       -24.83170         5.83178         9.42878       145.86682        19.21253             nan             nan             nan         HIDESF2 
        HD47366   2459272.90775       -11.57833         8.13993         9.42826        99.73149        13.94682             nan             nan             nan         HIDESF2 
        HD47366   2459274.07616       -28.55886         9.11169         9.41478         6.76929        12.45945             nan             nan             nan         HIDESF2 
        HD47366   2459276.03869       -20.81933         8.08271         9.32246       107.98266         9.40491             nan             nan             nan         HIDESF2 
        HD47366   2459276.94123       -21.72365         6.79596         9.58888        72.63508        11.36459             nan             nan             nan         HIDESF2 
