         HD4732   2453249.26109       -53.36860         4.84576             nan             nan             nan             nan             nan             nan          HIDESS 
         HD4732   2453333.02324        -6.48183         3.45004             nan             nan             nan             nan             nan             nan          HIDESS 
         HD4732   2453579.27332       -53.56697         4.17300             nan             nan             nan             nan             nan             nan          HIDESS 
         HD4732   2453636.22283       -65.87635         6.43950             nan             nan             nan             nan             nan             nan          HIDESS 
         HD4732   2453660.14090       -56.26272         4.03480             nan             nan             nan             nan             nan             nan          HIDESS 
         HD4732   2453693.98807       -25.06689         3.68622             nan             nan             nan             nan             nan             nan          HIDESS 
         HD4732   2453728.95759        -1.06788         7.90438             nan             nan             nan             nan             nan             nan          HIDESS 
         HD4732   2453730.93233        -9.34180         4.07639             nan             nan             nan             nan             nan             nan          HIDESS 
         HD4732   2453744.94529         2.58572         4.10404             nan             nan             nan             nan             nan             nan          HIDESS 
         HD4732   2453963.27267       -58.92629         3.93831             nan             nan             nan             nan             nan             nan          HIDESS 
         HD4732   2454018.12548       -33.17852         3.59328             nan             nan             nan             nan             nan             nan          HIDESS 
         HD4732   2454049.03013       -13.76453         4.38172             nan             nan             nan             nan             nan             nan          HIDESS 
         HD4732   2454088.93716        -2.73027         3.18455             nan             nan             nan             nan             nan             nan          HIDESS 
         HD4732   2454114.88740         8.69586         5.54662             nan             nan             nan             nan             nan             nan          HIDESS 
         HD4732   2454305.29659       -44.19678         3.73392             nan             nan             nan             nan             nan             nan          HIDESS 
         HD4732   2454338.23819       -32.98085         4.29958             nan             nan             nan             nan             nan             nan          HIDESS 
         HD4732   2454380.16048       -19.02937         4.07649             nan             nan             nan             nan             nan             nan          HIDESS 
         HD4732   2454416.02501       -12.85524         4.65641             nan             nan             nan             nan             nan             nan          HIDESS 
         HD4732   2454460.93841        29.78152         3.01956         8.95340       184.35921         5.81750         0.07889         0.03143         1.00000          HIDESS 
         HD4732   2454495.89609        38.94184         9.13751         9.05862       116.36208        27.01607         0.27601         0.29724         1.00000          HIDESS 
         HD4732   2454496.90121        52.21596         4.77991         9.03886       161.07927        14.08141         0.12516         0.09049         1.00000          HIDESS 
         HD4732   2454703.25648       -34.40651         3.65305         8.93489       152.73647         7.83741         0.13093         0.02941         1.00000          HIDESS 
         HD4732   2454756.11102        -1.43787         3.42336         8.95723       147.55407         6.14632         0.13723         0.03394         1.00000          HIDESS 
         HD4732   2454796.00358        28.96778         3.70023         8.94503       167.91433         9.84178         0.15307         0.04152         1.00000          HIDESS 
         HD4732   2454817.94758        38.21341         3.62778         8.93111       163.00397         7.86467         0.12027         0.03090         1.00000          HIDESS 
         HD4732   2455101.17265        -0.80673         3.89593         8.89235       137.56553         8.72400         0.00766         0.00468         1.00000          HIDESS 
         HD4732   2455108.21221         8.25573         4.50095         8.78971       178.59982        10.25449         0.34391         0.25052         1.00000          HIDESS 
         HD4732   2455133.10660        17.68997         3.78915         8.88857       166.72782         8.88988         0.03141         0.07707         1.00000          HIDESS 
         HD4732   2455137.09625         7.49887         4.02074         8.94906       134.58233         5.52482         0.10089         0.03300         1.00000          HIDESS 
         HD4732   2455161.03578        38.07527         3.53402         8.89504       156.27075        10.39897         0.12196         0.05910         1.00000          HIDESS 
         HD4732   2455162.01286        39.52943         2.67234         8.86882       171.43811         4.97540         0.12707         0.02453         1.00000          HIDESS 
         HD4732   2455183.93004        47.20633         3.65748         8.93052       126.70579         6.13861         0.22943         0.04885         1.00000          HIDESS 
         HD4732   2455203.89329        52.63797         3.35898         8.91952       159.16037         6.85178         0.08053         0.02818         1.00000          HIDESS 
         HD4732   2455233.89755        74.34714         5.60906         8.94026       158.29726        18.11275         0.25061         0.22685         1.00000          HIDESS 
         HD4732   2455399.29248        -7.48216         3.76547         8.87768        92.57718         4.85318         0.10719         0.08222         1.00000          HIDESS 
         HD4732   2455438.18132       -19.49474         4.31524         8.86693        74.40901         5.35509         0.11009         0.10881         1.00000          HIDESS 
         HD4732   2455444.21885       -26.14667         3.48647         8.85717       131.73962         4.71493         0.06359         0.02457         1.00000          HIDESS 
         HD4732   2455468.16735         6.28185         4.79172         8.86749       155.43557        14.69924         0.09793         0.08782         1.00000          HIDESS 
         HD4732   2455480.13637        16.77316         4.33399         8.86779       109.79466         7.26018         0.08440         0.02733         1.00000          HIDESS 
         HD4732   2455503.03164        33.16869         3.62621         8.84452       107.12014         7.50202         0.06867         0.03834         1.00000          HIDESS 
         HD4732   2455510.06851        28.71827         3.60608         8.92699       141.85378         7.89783         0.05133         0.03082         1.00000          HIDESS 
         HD4732   2455524.97845        43.70141         3.37050         8.84307       130.10061         6.52879         0.10197         0.03879         1.00000          HIDESS 
         HD4732   2455546.92157        47.16615         3.36709         8.91555       111.24829         6.93369         0.04861         0.02609         1.00000          HIDESS 
         HD4732   2455579.91566        59.76920         6.22461         8.87799       136.93427         4.36820         0.56770         0.39270         1.00000          HIDESS 
         HD4732   2455787.29600        -8.40515         4.55351         8.96171       144.92240         7.21886         0.10786         0.07207         1.00000          HIDESS 
         HD4732   2455877.01723        10.81228         3.52426         8.88556       152.74117         9.34013         0.04339         0.04224         1.00000          HIDESS 
         HD4732   2455919.93360        35.21211         3.82392         8.89135       142.08752         8.38557         0.01308         0.01839         1.00000          HIDESS 
         HD4732   2455937.88413        47.14707         3.40061         8.95076       109.95079         5.89439         0.08687         0.03386         1.00000          HIDESS 
         HD4732   2456139.28140       -50.22792         4.12721         8.82814        93.83424         6.50712         0.13700         0.08474         1.00000          HIDESS 
         HD4732   2456156.28110       -53.51109         4.03588         8.85152       155.05077         5.15161         0.44519         0.08253         1.00000          HIDESS 
         HD4732   2456213.12697       -38.92244         3.72183         9.10453       126.23729         5.55563         0.08604         0.02745         1.00000          HIDESS 
         HD4732   2456283.96680       -15.03240         4.63184         8.88776       159.85114         8.15384         0.01309         0.00730         1.00000          HIDESS 
         HD4732   2456552.19012       -68.57902         3.24184         8.92742       124.87873         5.21732         0.02775         0.01025         1.00000          HIDESS 
         HD4732   2456596.08976       -29.71333         4.56325         9.18935       106.89371         8.06159             nan             nan             nan         HIDESF1 
         HD4732   2456625.99468       -15.92412         3.06791         9.30279       117.76958         6.87155             nan             nan             nan         HIDESF1 
         HD4732   2456678.87946         9.23725         3.78462         9.30499       131.17305         8.99541             nan             nan             nan         HIDESF1 
         HD4732   2456864.32129       -76.94549         4.20075         9.31000        83.94217         6.61188             nan             nan             nan         HIDESF1 
         HD4732   2456948.09893       -26.29098         3.89352         9.21700       120.61610         7.24216             nan             nan             nan         HIDESF1 
         HD4732   2457005.97143         8.66793         2.70863         9.26859       114.88422         5.81218             nan             nan             nan         HIDESF1 
         HD4732   2457046.88430       -28.62094         3.35240         8.84234       159.56529         6.73879         0.15589         0.08328         1.00000          HIDESS 
         HD4732   2457235.24327       -43.05646         4.19073         9.28996        92.29181         6.47159             nan             nan             nan         HIDESF1 
         HD4732   2457262.23046       -25.70878         4.02778         9.30378       115.91969         6.05572             nan             nan             nan         HIDESF1 
         HD4732   2457322.14963       -22.67919         4.45656         9.24625        88.16857        12.45872             nan             nan             nan         HIDESF1 
         HD4732   2457402.92420        17.44947         3.25278         9.33154       101.97666         8.29007             nan             nan             nan         HIDESF1 
         HD4732   2457676.13307         5.02961         3.75323         9.23506       112.58105         4.98522             nan             nan             nan         HIDESF1 
         HD4732   2457728.98218        30.32330         3.05377         9.22829       114.93763         8.47812             nan             nan             nan         HIDESF1 
         HD4732   2457751.90903        21.82093         4.89805         9.25127       127.37771         9.95416             nan             nan             nan         HIDESF1 
         HD4732   2457752.90104        23.12831         2.66577         9.25044       119.48534         6.08062             nan             nan             nan         HIDESF1 
         HD4732   2457755.95778        26.76092         3.99881         9.26349        94.54753        11.02713             nan             nan             nan         HIDESF1 
         HD4732   2457990.20687         8.39432         4.40994         9.31760       102.09086         6.92300             nan             nan             nan         HIDESF1 
         HD4732   2458083.01535        30.24323         2.84596         9.26135       100.75074         5.60701             nan             nan             nan         HIDESF1 
         HD4732   2458107.91794        46.49175         2.54359         9.29411       108.20494         5.23943             nan             nan             nan         HIDESF1 
         HD4732   2458708.31515        -1.42152         7.99233         9.58699        85.03831         8.19413             nan             nan             nan         HIDESF2 
         HD4732   2458793.05905        13.43220         8.16916         9.61636        96.04164         4.87845             nan             nan             nan         HIDESF2 
         HD4732   2459098.23083       -34.43477         8.54167         9.28003        74.64501         5.82316             nan             nan             nan         HIDESF2 
         HD4732   2459183.98745         8.15908         7.72868         9.19455        80.07504         9.23178             nan             nan             nan         HIDESF2 
