         HD5608   2452690.92050        37.74143         8.53401             nan             nan             nan             nan             nan             nan          HIDESS 
         HD5608   2453023.94288         7.47602         3.21085             nan             nan             nan             nan             nan             nan          HIDESS 
         HD5608   2453216.26650        45.13009         3.88565             nan             nan             nan             nan             nan             nan          HIDESS 
         HD5608   2453363.07337        42.16996         3.02479             nan             nan             nan             nan             nan             nan          HIDESS 
         HD5608   2453405.95776        38.81374         2.89605             nan             nan             nan             nan             nan             nan          HIDESS 
         HD5608   2453426.91723        15.52093         5.66230             nan             nan             nan             nan             nan             nan          HIDESS 
         HD5608   2453579.20975        23.36836         3.70674             nan             nan             nan             nan             nan             nan          HIDESS 
         HD5608   2453612.20893        13.99860         3.68549             nan             nan             nan             nan             nan             nan          HIDESS 
         HD5608   2453729.07036         1.96454         3.00365             nan             nan             nan             nan             nan             nan          HIDESS 
         HD5608   2453744.06181        -3.45673         3.04993             nan             nan             nan             nan             nan             nan          HIDESS 
         HD5608   2454018.29586        29.52612         3.93060             nan             nan             nan             nan             nan             nan          HIDESS 
         HD5608   2454054.12484        34.70335         3.65636             nan             nan             nan             nan             nan             nan          HIDESS 
         HD5608   2454089.08000        25.17180         3.10026             nan             nan             nan             nan             nan             nan          HIDESS 
         HD5608   2454338.27438        -4.43264         3.67656             nan             nan             nan             nan             nan             nan          HIDESS 
         HD5608   2454416.07369        -9.88315         3.86983             nan             nan             nan             nan             nan             nan          HIDESS 
         HD5608   2454461.00416       -15.68459         2.35750         8.92034       165.37698         4.45022         0.16732         0.01508         1.00000          HIDESS 
         HD5608   2454492.98444       -26.16366         3.62986         8.97615       157.09061         6.77931         0.14726         0.02305         1.00000          HIDESS 
         HD5608   2454756.22831        22.75322         5.19510         8.97563       143.99185        10.76691         0.08512         0.03309         1.00000          HIDESS 
         HD5608   2454796.02617        16.62397         4.02812         8.91716       121.16918         5.77073         0.13854         0.02092         1.00000          HIDESS 
         HD5608   2454818.11065        28.42922         3.59021         8.92148       134.18476         6.99793         0.17048         0.03015         1.00000          HIDESS 
         HD5608   2455101.25326         0.76199         4.21488         8.88573       135.68507         6.20026         0.13090         0.02615         1.00000          HIDESS 
         HD5608   2455135.27540       -17.32627         4.83018         8.89210       124.50871         5.89608         0.12557         0.04809         1.00000          HIDESS 
         HD5608   2455162.98467       -23.90319         3.67572         8.95247       147.92752         5.11393         0.15547         0.01874         1.00000          HIDESS 
         HD5608   2455188.09938       -20.48317         3.31040         8.86550       116.27360         4.92497         0.16085         0.02928         1.00000          HIDESS 
         HD5608   2455205.95822       -14.48302         3.19125         8.92769       127.29627         4.12362         0.15795         0.01730         1.00000          HIDESS 
         HD5608   2455267.91395       -23.17181         5.93831         8.92193       172.27417        17.63246         0.03971         0.01971         1.00000          HIDESS 
         HD5608   2455351.28803       -33.47404         4.02819         8.83275        69.91537         8.38988         0.12905         0.09482         1.00000          HIDESS 
         HD5608   2455398.26363       -33.00041         3.32720         8.82455       130.10737         4.09270         0.14530         0.01613         1.00000          HIDESS 
         HD5608   2455438.06426       -25.52164         3.59735         8.85099        87.17928         5.45932         0.15072         0.05328         1.00000          HIDESS 
         HD5608   2455468.20018       -19.27876         3.69324         8.88247       126.13929         4.34640         0.14578         0.01648         1.00000          HIDESS 
         HD5608   2455499.03463       -18.47203         4.97860         8.86264       119.05677         6.98373         0.13499         0.02981         1.00000          HIDESS 
         HD5608   2455525.05538        -4.88942         3.55188         8.94468       151.79697         4.72672         0.15509         0.01883         1.00000          HIDESS 
         HD5608   2455551.00133         1.37647         3.21289         8.90428       154.40092         5.21060         0.16444         0.02167         1.00000          HIDESS 
         HD5608   2455582.91851        14.26624         3.86591         8.91017       139.25910         9.40243         0.10770         0.02835         1.00000          HIDESS 
         HD5608   2455758.20389        -1.20604         3.78049         8.87376       112.91530         6.41265         0.13097         0.03323         1.00000          HIDESS 
         HD5608   2455770.25604         9.58110         3.50926         8.83633       140.38064         4.78524         0.16007         0.01721         1.00000          HIDESS 
         HD5608   2455786.19399        -0.34599         3.24425         8.90811       121.89662         5.72301         0.14759         0.02262         1.00000          HIDESS 
         HD5608   2455790.26647        -1.86261         3.69293         8.92868       143.23413         6.01418         0.15643         0.02022         1.00000          HIDESS 
         HD5608   2455791.28259         0.37621         3.40716         8.84626       166.50624         5.89617         0.17531         0.01641         1.00000          HIDESS 
         HD5608   2455811.30441        -9.85929         4.00770         8.85409       168.84428         5.01785         0.14820         0.01558         1.00000          HIDESS 
         HD5608   2455853.19659        -0.40392         4.21813         8.87308       142.25768         5.05541         0.13348         0.02080         1.00000          HIDESS 
         HD5608   2455879.08463       -11.80714         4.60878         8.94260       143.04585         8.58876         0.12064         0.02843         1.00000          HIDESS 
         HD5608   2455881.13547       -17.52580         3.11601         8.89238       158.02891         3.41010         0.16650         0.01364         1.00000          HIDESS 
         HD5608   2455919.02099       -16.33958         4.84290         8.92315       134.03859         7.98137         0.11180         0.03241         1.00000          HIDESS 
         HD5608   2455922.99484        -9.97145         3.13369         8.84550       174.43089         6.18217         0.16561         0.01846         1.00000          HIDESS 
         HD5608   2456286.99530       -21.69671         3.27777             nan             nan             nan             nan             nan             nan          HIDESS 
         HD5608   2456554.18205        28.12080         3.24723         9.27420       116.21516         5.23797             nan             nan             nan         HIDESF1 
         HD5608   2456679.97280        -2.14282         3.10139         9.37918       132.02176         7.71787             nan             nan             nan         HIDESF1 
         HD5608   2456948.08299       -10.85905         2.99070         9.25593       112.87388         5.42814             nan             nan             nan         HIDESF1 
         HD5608   2457001.07380         2.37402         2.89996         9.25641       120.58272         4.51222             nan             nan             nan         HIDESF1 
         HD5608   2457046.91933       -21.77631         3.29114         8.95914       134.81084         4.22882         0.16633         0.01567         1.00000          HIDESS 
         HD5608   2457235.13311        21.32308         3.64719         9.28815       118.25449         6.89064             nan             nan             nan         HIDESF1 
         HD5608   2457262.17796        14.19010         3.04008         9.26313       114.83511         4.99374             nan             nan             nan         HIDESF1 
         HD5608   2457304.24383         7.55105         3.27882         9.26311       107.05362         4.82011             nan             nan             nan         HIDESF1 
         HD5608   2457322.14483         3.90145         3.10344         9.27502       129.55284         5.42464             nan             nan             nan         HIDESF1 
         HD5608   2457630.34357       -29.69224         3.11282         9.23668       134.42893         6.48845             nan             nan             nan         HIDESF1 
         HD5608   2457729.05924       -11.17907         3.29090         9.27937       118.11298         5.60736             nan             nan             nan         HIDESF1 
         HD5608   2457752.11980       -11.73608         3.71834         9.27376       114.86485        13.49746             nan             nan             nan         HIDESF1 
         HD5608   2457753.10158       -14.05297         3.08984         9.30343       125.08296         8.43661             nan             nan             nan         HIDESF1 
         HD5608   2457986.21744         7.01034         3.06291         9.34917       139.88163         6.78683             nan             nan             nan         HIDESF1 
         HD5608   2458086.09886        -0.99590         3.54454         9.31404       129.38105         7.80022             nan             nan             nan         HIDESF1 
         HD5608   2458477.03001       -17.04057         3.94520         9.60365       113.11410         7.07403             nan             nan             nan         HIDESF2 
         HD5608   2458487.08408       -16.24102         6.79908         9.58311       107.87230         8.79672             nan             nan             nan         HIDESF2 
         HD5608   2458765.21318        15.72012         3.92417         9.57851        81.98192         7.58095             nan             nan             nan         HIDESF2 
         HD5608   2458766.19151        14.28556         4.14893         9.61189        92.69873         7.17819             nan             nan             nan         HIDESF2 
         HD5608   2458771.20404        15.89992         4.23032         9.61938        45.54291         4.69018             nan             nan             nan         HIDESF2 
         HD5608   2458773.02337        22.28283         3.15934         9.59065        69.57435         3.35355             nan             nan             nan         HIDESF2 
         HD5608   2458779.23089        28.92260         5.27372         9.62004        72.63941         6.33326             nan             nan             nan         HIDESF2 
         HD5608   2459081.26224       -29.01211         4.61633         9.31917        87.15881         6.78310             nan             nan             nan         HIDESF2 
         HD5608   2459166.19093       -31.06280         3.89124         9.35929        75.32373         3.59347             nan             nan             nan         HIDESF2 
         HD5608   2459365.29013       -10.62372         5.40266         9.35207        58.10569         8.23155             nan             nan             nan         HIDESF2 
