         HD6186   2452311.92518       -22.87578         4.16210             nan             nan             nan             nan             nan             nan          HIDESS 
         HD6186   2452488.23084        10.54886         4.42254             nan             nan             nan             nan             nan             nan          HIDESS 
         HD6186   2452507.21594       -10.13593         4.26850             nan             nan             nan             nan             nan             nan          HIDESS 
         HD6186   2452542.06243       -16.67986         3.67738             nan             nan             nan             nan             nan             nan          HIDESS 
         HD6186   2452652.99696       -12.04055         4.58108             nan             nan             nan             nan             nan             nan          HIDESS 
         HD6186   2452680.90592       -24.05993         4.51421             nan             nan             nan             nan             nan             nan          HIDESS 
         HD6186   2452887.29967        27.52318         4.72942             nan             nan             nan             nan             nan             nan          HIDESS 
         HD6186   2452896.18977        35.06791         3.69708             nan             nan             nan             nan             nan             nan          HIDESS 
         HD6186   2452923.15764        20.67758         3.52373             nan             nan             nan             nan             nan             nan          HIDESS 
         HD6186   2452974.05774        36.29355         8.60669             nan             nan             nan             nan             nan             nan          HIDESS 
         HD6186   2452974.08619        21.56131         6.08689             nan             nan             nan             nan             nan             nan          HIDESS 
         HD6186   2452975.00903        22.01533         4.14196             nan             nan             nan             nan             nan             nan          HIDESS 
         HD6186   2452990.94458         5.21463         3.50564             nan             nan             nan             nan             nan             nan          HIDESS 
         HD6186   2452994.93799        -2.98074         4.12183             nan             nan             nan             nan             nan             nan          HIDESS 
         HD6186   2452999.93123         0.88560         3.74594             nan             nan             nan             nan             nan             nan          HIDESS 
         HD6186   2453002.00773        -2.89273         2.91379             nan             nan             nan             nan             nan             nan          HIDESS 
         HD6186   2453002.99179        -7.42273         3.51110             nan             nan             nan             nan             nan             nan          HIDESS 
         HD6186   2453005.99737         2.89864         3.57960             nan             nan             nan             nan             nan             nan          HIDESS 
         HD6186   2453340.15571        25.34461         3.63878             nan             nan             nan             nan             nan             nan          HIDESS 
         HD6186   2453612.18928        27.86266         4.39825             nan             nan             nan             nan             nan             nan          HIDESS 
         HD6186   2453731.00840       -28.50141         2.94388             nan             nan             nan             nan             nan             nan          HIDESS 
         HD6186   2454023.08931       -33.67168         3.69791             nan             nan             nan             nan             nan             nan          HIDESS 
         HD6186   2454340.22032       -31.51848         4.59189             nan             nan             nan             nan             nan             nan          HIDESS 
         HD6186   2454702.29662        16.77083         4.64903             nan             nan             nan         0.12416         0.03917         1.00000          HIDESS 
         HD6186   2455136.22648       -53.06648         3.77633         9.49571       230.69699         7.90378         0.09858         0.02371         1.00000          HIDESS 
         HD6186   2455166.00171       -43.39788         3.78838         9.50569       224.15065         5.62500         0.15147         0.01319         1.00000          HIDESS 
         HD6186   2455183.08271       -64.54500         2.91977         9.54470       219.25128         8.36805         0.12071         0.02225         1.00000          HIDESS 
         HD6186   2455404.30828       -17.45059         4.62764         9.48964       188.76081         6.98865         0.12313         0.02005         1.00000          HIDESS 
         HD6186   2455475.22475       -13.62656         4.19362         9.46694       205.95966         7.99738         0.14622         0.02940         1.00000          HIDESS 
         HD6186   2455587.00814        26.70617         4.61635         9.48537       179.89378        13.88324             nan             nan             nan          HIDESS 
         HD6186   2455917.02394       -11.51864         3.72663         9.48384       196.07279         8.45245         0.09767         0.02846         1.00000          HIDESS 
         HD6186   2455939.94078        13.77285         4.09685         9.48634       192.98520        13.31318         0.06293         0.03090         1.00000          HIDESS 
         HD6186   2455943.86975        35.54751         2.85817         9.49916       195.58102         5.24868         0.14361         0.01459         1.00000          HIDESS 
         HD6186   2455977.92204        46.40807         3.77282         9.52396       218.70699         8.57637         0.17028         0.04938         1.00000          HIDESS 
         HD6186   2456135.20862       -16.48430         3.37337         9.79330       173.78134         6.40937             nan             nan             nan         HIDESF1 
         HD6186   2456136.20906       -12.52798         3.40212         9.77853       170.05862         7.35118             nan             nan             nan         HIDESF1 
         HD6186   2456137.21867       -31.54487         3.32457         9.81414       168.61741         5.28453             nan             nan             nan         HIDESF1 
         HD6186   2456138.26650       -28.72071         2.70976         9.79361       175.20743         3.20228             nan             nan             nan         HIDESF1 
         HD6186   2456157.30440       -40.88307         4.74337         9.46495       214.69329         6.59145         0.14060         0.01914         1.00000          HIDESS 
         HD6186   2456212.20402         7.78655         3.90579             nan             nan             nan         0.11499         0.02277         1.00000          HIDESS 
         HD6186   2456216.13717        -5.25859         4.03955             nan             nan             nan         0.11758         0.01524         1.00000          HIDESS 
         HD6186   2456219.09871        -0.82874         2.66221             nan             nan             nan             nan             nan             nan         HIDESF1 
         HD6186   2456234.99763        -6.61399         4.39842             nan             nan             nan         0.10180         0.02151         1.00000          HIDESS 
         HD6186   2456238.12634         8.53886         4.00544             nan             nan             nan         0.11019         0.02092         1.00000          HIDESS 
         HD6186   2456240.00415         8.53169         3.54681             nan             nan             nan             nan             nan             nan         HIDESF1 
         HD6186   2456244.05344         2.16355         3.43153             nan             nan             nan             nan             nan             nan         HIDESF1 
         HD6186   2456248.00456         1.17243         3.57781             nan             nan             nan         0.14346         0.01470         1.00000          HIDESS 
         HD6186   2456250.01233        -0.31500         3.57262             nan             nan             nan         0.14810         0.01403         1.00000          HIDESS 
         HD6186   2456252.09157        -0.96640         4.01743             nan             nan             nan         0.15187         0.02144         1.00000          HIDESS 
         HD6186   2456277.94737        16.09461         3.00849         9.82591       169.24033         6.27511             nan             nan             nan         HIDESF1 
         HD6186   2456279.89655        29.83508         2.18582         9.84829       146.05950         3.88286             nan             nan             nan         HIDESF1 
         HD6186   2456283.90036         1.50629         2.89793         9.50496       184.00387         3.59753         0.14605         0.01195         1.00000          HIDESS 
         HD6186   2456284.89500        11.33418         3.64631         9.54497       167.96040         7.27584         0.09345         0.02129         1.00000          HIDESS 
         HD6186   2456297.02110         4.67791         3.09538         9.51290       209.24797         6.75076         0.11101         0.01540         1.00000          HIDESS 
         HD6186   2456298.01268        22.61251         3.77159         9.50630       170.53161        11.05246         0.09624         0.01040         1.00000          HIDESS 
         HD6186   2456298.98238        -4.64079         2.62707         9.51045       201.75805         4.64461         0.15379         0.01862         1.00000          HIDESS 
         HD6186   2456514.14585        47.19528         3.16527         9.81355       156.68668         5.25101             nan             nan             nan         HIDESF1 
         HD6186   2456516.29513        50.61946         3.53800         9.83667       140.98461         8.67025             nan             nan             nan         HIDESF1 
         HD6186   2456517.29473        32.25020         2.85501         9.83210       140.44868         4.69337             nan             nan             nan         HIDESF1 
         HD6186   2456552.23614        42.70718         3.97001         9.48412       191.77342         5.55357         0.11883         0.01970         1.00000          HIDESS 
         HD6186   2456553.12380        44.18441         3.29615         9.84694       169.09998         5.64353             nan             nan             nan         HIDESF1 
         HD6186   2456576.11733        39.00843         4.28324         9.46100       187.32797         5.02563         0.10832         0.02534         1.00000          HIDESS 
         HD6186   2456578.17582        29.98180         3.81540         9.47635       201.40545         6.52060         0.13101         0.07185         1.00000          HIDESS 
         HD6186   2456579.10206        28.71522         3.99000         9.48053       179.87174         5.99124         0.15379         0.02510         1.00000          HIDESS 
         HD6186   2456595.06771         0.21576         2.85106         9.83478       178.20409         6.16227             nan             nan             nan         HIDESF1 
         HD6186   2456596.08440         1.91061         3.17643         9.87405       162.29323         6.62660             nan             nan             nan         HIDESF1 
         HD6186   2456604.96922        -7.20552         4.13232         9.85109       182.25165        10.07966             nan             nan             nan         HIDESF1 
         HD6186   2456606.02091       -12.12431         4.67692         9.86185       156.87214         5.12627             nan             nan             nan         HIDESF1 
         HD6186   2456607.13799        -4.98797         4.03705         9.87251       178.02983         9.88519             nan             nan             nan         HIDESF1 
         HD6186   2456616.01024        -2.78720         3.01709         9.83995       187.35441         6.64691             nan             nan             nan         HIDESF1 
         HD6186   2456618.02333         7.52711         4.10268         9.47021       203.20101         6.93811         0.13883         0.02989         1.00000          HIDESS 
         HD6186   2456625.06229       -14.72863         3.01538         9.88397       157.77169         6.66570             nan             nan             nan         HIDESF1 
         HD6186   2456626.98367       -28.55130         2.85555         9.86937       181.77365         6.70137             nan             nan             nan         HIDESF1 
         HD6186   2456628.12298        -0.88770         3.01234         9.87820       150.45564         8.08709             nan             nan             nan         HIDESF1 
         HD6186   2456639.05783       -25.92617         3.11454         9.85850       190.43812         8.29511             nan             nan             nan         HIDESF1 
         HD6186   2456648.05429        -3.95189         3.36234         9.90676       166.18969        11.09026             nan             nan             nan         HIDESF1 
         HD6186   2456663.98513       -24.04625         3.19975         9.87642       186.97910         8.70122             nan             nan             nan         HIDESF1 
         HD6186   2456667.05042       -31.78883         4.38896         9.54154       200.82379        12.71692         0.17514         0.01897         1.00000          HIDESS 
         HD6186   2456672.04081       -39.32356         3.22640         9.88911       169.50407         9.01161             nan             nan             nan         HIDESF1 
         HD6186   2456672.96143       -56.29661         3.14532         9.92512       181.95724         6.87989             nan             nan             nan         HIDESF1 
         HD6186   2456678.97311       -23.09607         2.59577         9.92871       173.21366         6.71471             nan             nan             nan         HIDESF1 
         HD6186   2456679.96325       -26.29041         3.01613         9.93719       172.63458         8.01019             nan             nan             nan         HIDESF1 
         HD6186   2456680.95205       -26.37927         2.63785         9.92938       182.23781         7.76474             nan             nan             nan         HIDESF1 
         HD6186   2456855.28634         2.31058         3.08769         9.82875       172.96567         5.03171             nan             nan             nan         HIDESF1 
         HD6186   2456863.26497        12.11668         3.98980         9.83114       135.80639         3.92077             nan             nan             nan         HIDESF1 
         HD6186   2456864.26437        18.70471         4.21434         9.83646       144.81454         4.60190             nan             nan             nan         HIDESF1 
         HD6186   2456891.32069       -20.78546         5.37610         9.45958       210.72376        11.58776         0.11848         0.02994         1.00000          HIDESS 
         HD6186   2456903.29165        -1.06098         4.46725         9.46007       201.05458         5.46278         0.14125         0.01817         1.00000          HIDESS 
         HD6186   2456908.09225       -15.53928         4.62906         9.79993       157.80381         7.92514             nan             nan             nan         HIDESF1 
         HD6186   2456935.16660       -15.35163         3.83882         9.87320       157.58729         6.86354             nan             nan             nan         HIDESF1 
         HD6186   2456947.14363       -36.31027         4.04398         9.86105       161.84035        10.23902             nan             nan             nan         HIDESF1 
         HD6186   2456948.08881       -21.51603         3.60709         9.85700       178.26936         8.19642             nan             nan             nan         HIDESF1 
         HD6186   2456965.18813         0.64818         2.79102         9.89478       177.19503         7.68409             nan             nan             nan         HIDESF1 
         HD6186   2456972.16330       -14.96401         2.96860         9.50439       209.12819         4.61332         0.13810         0.01597         1.00000          HIDESS 
         HD6186   2456973.17123        -4.07640         4.11883         9.52268       199.01549         7.74734         0.11665         0.02488         1.00000          HIDESS 
         HD6186   2456991.01834         4.29463         3.08253         9.86184       159.10420         7.69128             nan             nan             nan         HIDESF1 
         HD6186   2457000.07535       -12.92568         3.19686         9.85758       165.74899         5.88969             nan             nan             nan         HIDESF1 
         HD6186   2457003.09576         5.51432         4.00671         9.49316       185.29404         8.95283         0.13659         0.03893         1.00000          HIDESS 
         HD6186   2457006.05478        33.62742         2.58966         9.84940       153.87735         5.19354             nan             nan             nan         HIDESF1 
         HD6186   2457007.93670         4.63391         3.20751         9.84951       157.14800         7.37583             nan             nan             nan         HIDESF1 
         HD6186   2457016.92295        -1.09112         2.57742         9.84374       147.51141         6.11476             nan             nan             nan         HIDESF1 
         HD6186   2457053.87917        -1.50602         2.81057         9.85990       155.33800         6.61383             nan             nan             nan         HIDESF1 
         HD6186   2457054.95201         8.74790         2.39050         9.85266       165.34406         6.38890             nan             nan             nan         HIDESF1 
         HD6186   2457067.91086        28.68634         3.23238         9.87604       149.32547         6.95753             nan             nan             nan         HIDESF1 
         HD6186   2457235.13811         8.14684         3.87241         9.86223       117.38904         7.60699             nan             nan             nan         HIDESF1 
         HD6186   2457236.29667        15.11014         2.98366         9.84838       153.09278         5.00221             nan             nan             nan         HIDESF1 
         HD6186   2457238.28139        26.58107         3.39845         9.85278       134.92137         5.82014             nan             nan             nan         HIDESF1 
         HD6186   2457262.18750        60.60739         3.90679         9.83082       155.73636         7.78913             nan             nan             nan         HIDESF1 
         HD6186   2457284.18223        24.99853         4.58024         9.85318       155.11318         7.80935             nan             nan             nan         HIDESF1 
         HD6186   2457304.16258        31.73257         3.23568         9.86545       166.65792         6.90891             nan             nan             nan         HIDESF1 
         HD6186   2457305.19702        18.50322         3.60590         9.85335       154.69508         7.93179             nan             nan             nan         HIDESF1 
         HD6186   2457319.20136        14.75711         3.16756         9.84729       156.05321         6.70918             nan             nan             nan         HIDESF1 
         HD6186   2457321.98051         1.31700         2.69134         9.82815       177.77632         5.51150             nan             nan             nan         HIDESF1 
         HD6186   2457324.13823         5.27601         4.58475         9.81967       128.24711        10.25086             nan             nan             nan         HIDESF1 
         HD6186   2457329.17123       -23.21219         3.92848         9.50761       231.34193         9.46090         0.12677         0.03099         1.00000          HIDESS 
         HD6186   2457332.05192         3.39272         3.06259         9.82836       158.02826         4.45535             nan             nan             nan         HIDESF1 
         HD6186   2457352.98616         8.89398         3.37424         9.86229       173.86483         7.39225             nan             nan             nan         HIDESF1 
         HD6186   2457356.08708         0.58471         3.17786         9.83419       159.62485         6.88435             nan             nan             nan         HIDESF1 
         HD6186   2457361.08933         6.29073         3.28590         9.86345       149.01499         7.31343             nan             nan             nan         HIDESF1 
         HD6186   2457370.09433         9.15348         2.66427         9.87114       177.38198         5.96560             nan             nan             nan         HIDESF1 
         HD6186   2457378.06717       -19.85664         2.34492         9.87180       184.10020         7.15381             nan             nan             nan         HIDESF1 
         HD6186   2457389.90417       -22.82042         2.84761         9.86060       184.80879         7.21958             nan             nan             nan         HIDESF1 
         HD6186   2457391.86786        -8.56491         2.57406         9.85023       161.47484         6.16588             nan             nan             nan         HIDESF1 
         HD6186   2457393.98132        -2.47258         4.29527         9.83677       138.90574        11.42737             nan             nan             nan         HIDESF1 
         HD6186   2457401.91952       -14.20729         2.27185         9.87301       172.08912         4.54444             nan             nan             nan         HIDESF1 
         HD6186   2457402.90894       -24.60959         2.99162         9.91802       182.61278         6.92459             nan             nan             nan         HIDESF1 
         HD6186   2457421.91046       -10.48928         3.49488         9.47680       216.62095         8.49799         0.11955         0.03029         1.00000          HIDESS 
         HD6186   2457423.93491         0.95095         3.40851         9.88087       166.54390         9.59449             nan             nan             nan         HIDESF1 
         HD6186   2457425.90582       -17.56893         2.77734         9.86402       162.10672         5.31675             nan             nan             nan         HIDESF1 
         HD6186   2457592.20622       -21.84863         3.36516         9.82223       142.36975         6.06601             nan             nan             nan         HIDESF1 
         HD6186   2457593.26022       -26.46002         4.24842         9.80821       140.48274         8.71828             nan             nan             nan         HIDESF1 
         HD6186   2457626.22441       -17.18253         4.19781         9.81428       152.13471         7.86233             nan             nan             nan         HIDESF1 
         HD6186   2457676.14343         0.86004         3.25052         9.85574       154.76524         5.35692             nan             nan             nan         HIDESF1 
         HD6186   2457691.10646        -6.63747         3.20458             nan             nan             nan             nan             nan             nan         HIDESF1 
         HD6186   2457725.09624         4.15399         3.09527         9.83545       167.71026         7.93716             nan             nan             nan         HIDESF1 
         HD6186   2457729.08950        24.50907         3.68275         9.82575       159.87156         6.46887             nan             nan             nan         HIDESF1 
         HD6186   2457753.05266        17.96265         2.98428         9.83198       168.79460        10.42740             nan             nan             nan         HIDESF1 
         HD6186   2457791.92729         9.31316         3.67830         9.83109       168.91132        12.29150             nan             nan             nan         HIDESF1 
         HD6186   2457950.20439       -27.76158         4.00671         9.85372       149.02924         8.40230             nan             nan             nan         HIDESF1 
         HD6186   2457986.16118       -22.46353         4.28572         9.90215       166.51069         8.84095             nan             nan             nan         HIDESF1 
         HD6186   2457990.12063         3.55168         4.21146         9.85233       122.43357         8.07180             nan             nan             nan         HIDESF1 
         HD6186   2458022.18906        26.07055         3.45063         9.86861       158.33560         7.04361             nan             nan             nan         HIDESF1 
         HD6186   2458044.17541         5.88084         3.78034         9.85775       173.50965         7.84828             nan             nan             nan         HIDESF1 
         HD6186   2458086.04640        23.91124         3.21515         9.84857       164.13631         8.85829             nan             nan             nan         HIDESF1 
