        HD71369   2453000.21861         9.74425         4.44761             nan             nan             nan             nan             nan             nan          HIDESS 
        HD71369   2453081.13021        37.90721         4.47819             nan             nan             nan             nan             nan             nan          HIDESS 
        HD71369   2453311.25950        30.13174         4.37376             nan             nan             nan             nan             nan             nan          HIDESS 
        HD71369   2453427.13038        23.35389         5.04091             nan             nan             nan             nan             nan             nan          HIDESS 
        HD71369   2453500.01359        -5.07077         5.30556             nan             nan             nan             nan             nan             nan          HIDESS 
        HD71369   2453660.31556       -15.36438         4.38497             nan             nan             nan             nan             nan             nan          HIDESS 
        HD71369   2453729.22358       -30.39957         4.41472             nan             nan             nan             nan             nan             nan          HIDESS 
        HD71369   2453812.10116       -16.41174         4.39775             nan             nan             nan             nan             nan             nan          HIDESS 
        HD71369   2453886.96183       -18.71440         6.25382             nan             nan             nan             nan             nan             nan          HIDESS 
        HD71369   2454022.32358       -42.56738         5.77063             nan             nan             nan             nan             nan             nan          HIDESS 
        HD71369   2454123.15723       -16.22244         5.33086             nan             nan             nan             nan             nan             nan          HIDESS 
        HD71369   2454186.04972       -12.01796         4.33776             nan             nan             nan             nan             nan             nan          HIDESS 
        HD71369   2454216.06190       -14.27778         4.59603             nan             nan             nan             nan             nan             nan          HIDESS 
        HD71369   2454461.34293        16.35090         3.99640        10.60882       166.59499         7.23330         0.13326         0.01523         1.00000          HIDESS 
        HD71369   2454525.12405        16.02244         4.40838        10.66302       193.99680         9.57443         0.12947         0.01542         1.00000          HIDESS 
        HD71369   2454587.94550        32.96531         5.71551        10.70133       190.66041        14.71026         0.11243         0.02537         1.00000          HIDESS 
        HD71369   2454796.33553        37.99405         4.37159        10.69210       179.13291         5.58683         0.13728         0.01043         1.00000          HIDESS 
        HD71369   2454888.00155        29.79299         5.17717        10.74503       207.72054        12.36707         0.10225         0.01720         1.00000          HIDESS 
        HD71369   2454925.03528        46.07757         4.20703        10.63930       177.56034         7.16754         0.13229         0.01308         1.00000          HIDESS 
        HD71369   2455166.10551         0.85107         5.01187        10.67837       193.50729        10.24884         0.11867         0.01781         1.00000          HIDESS 
        HD71369   2455205.20239        -7.43738         4.23544        10.63969       194.03822         5.43379         0.13686         0.00867         1.00000          HIDESS 
        HD71369   2455233.13480        -7.65212         4.96036        10.66856       186.14918         6.09732         0.13226         0.01048         1.00000          HIDESS 
        HD71369   2455346.97579       -26.75214         4.75831        10.59840       182.94798         9.40080         0.13303         0.01937         1.00000          HIDESS 
        HD71369   2455502.25093       -37.41267         5.96023        10.63295       201.09970        16.37664         0.08570         0.02149         1.00000          HIDESS 
        HD71369   2455558.24343       -28.65413         4.23573        10.64379       176.92246         8.00966         0.12624         0.01430         1.00000          HIDESS 
        HD71369   2455625.05614       -28.68133         4.36349        10.62092       188.77095         5.48029         0.12720         0.01083         1.00000          HIDESS 
        HD71369   2455919.29764        -0.91188         4.79692        10.60734       191.55453         8.10936         0.13570         0.01216         1.00000          HIDESS 
        HD71369   2456252.38474        46.80257         4.41460        10.90931       201.70089         8.53597         0.13052         0.01266         1.00000          HIDESS 
        HD71369   2456578.34916        22.61295         5.03341        10.60224       172.90812         7.48245         0.11629         0.01405         1.00000          HIDESS 
        HD71369   2456596.26424       -10.45636         3.11398        10.96622       200.63910        10.27115             nan             nan             nan         HIDESF1 
        HD71369   2456664.12547        -8.16857         3.70041        11.02599       193.97585        11.87715             nan             nan             nan         HIDESF1 
        HD71369   2456947.32121       -26.63800         3.31128        10.91909       182.73806         7.19024             nan             nan             nan         HIDESF1 
        HD71369   2456965.37399       -21.47236         3.03793        10.93554       172.27435         9.50446             nan             nan             nan         HIDESF1 
        HD71369   2456991.17433       -32.74667         3.34992        10.95176       177.54062        10.00279             nan             nan             nan         HIDESF1 
        HD71369   2457001.17364       -28.95696         4.75602        10.94012       173.97140        12.68541             nan             nan             nan         HIDESF1 
        HD71369   2457046.25522       -26.61192         4.77908        10.61903       180.55113         8.43908         0.12526         0.01497         1.00000          HIDESS 
        HD71369   2457054.10770       -37.72015         3.18827        10.94962       186.87981         8.50264             nan             nan             nan         HIDESF1 
        HD71369   2457135.03060       -30.51486         4.49724        10.64461       156.16818        11.64672         0.12032         0.02364         1.00000          HIDESS 
        HD71369   2457305.33275       -22.61989         3.49625        10.94716       197.20153        10.29516             nan             nan             nan         HIDESF1 
        HD71369   2457324.38202        45.21995         3.30253        10.98587       127.38677         7.97704             nan             nan             nan         HIDESF1 
        HD71369   2457390.29849       -28.35589         3.36802        10.94579       169.52638         7.38676             nan             nan             nan         HIDESF1 
        HD71369   2457401.18371        -7.36525         3.44929        10.99628       194.61025         8.66826             nan             nan             nan         HIDESF1 
        HD71369   2457442.03487        -6.78705         3.42206        10.94376       181.06681        12.66085             nan             nan             nan         HIDESF1 
        HD71369   2457476.10525        10.72932         3.51056        10.93153       175.20153        11.18978             nan             nan             nan         HIDESF1 
        HD71369   2457513.00732        17.93761         3.75180        10.60112       175.54241         5.85706         0.12754         0.01284         1.00000          HIDESS 
        HD71369   2457729.34443        35.77223         3.61413        10.93735       183.71383        10.27977             nan             nan             nan         HIDESF1 
        HD71369   2457753.26042        25.25616         3.75352        10.95630       188.67678        11.59776             nan             nan             nan         HIDESF1 
        HD71369   2457792.08095        32.56486         4.04379        10.94974       165.22640        10.68481             nan             nan             nan         HIDESF1 
        HD71369   2457838.02064        31.19166         3.75563        10.93925       181.02219        12.51136             nan             nan             nan         HIDESF1 
        HD71369   2457884.99320        29.30163         3.80348        10.95205       188.71170         8.63396             nan             nan             nan         HIDESF1 
        HD71369   2458006.29194        28.64091         4.40529        10.96118       170.22766        12.90371             nan             nan             nan         HIDESF1 
        HD71369   2458491.36556       -12.90371         6.37161        11.33514       193.99636        17.96463             nan             nan             nan         HIDESF2 
        HD71369   2458506.26051        -1.80913         5.42478        11.29607       189.81179        15.05386             nan             nan             nan         HIDESF2 
        HD71369   2458592.08412        -9.55931         4.73608        11.29559       166.39299        11.97390             nan             nan             nan         HIDESF2 
        HD71369   2458615.02785        -0.22229         4.47499        11.31810       197.00609        14.15678             nan             nan             nan         HIDESF2 
        HD71369   2458840.26523        -4.15599         4.82754        10.96032       130.86409        12.37195             nan             nan             nan         HIDESF2 
        HD71369   2458841.36394         0.51956         4.60264        10.98127       112.43392        12.38391             nan             nan             nan         HIDESF2 
        HD71369   2458849.37434         4.83364         3.81289        10.94454       128.43297        16.70393             nan             nan             nan         HIDESF2 
        HD71369   2458850.34784        -6.03732         4.98345        10.92931       110.38326        15.43268             nan             nan             nan         HIDESF2 
        HD71369   2459184.13247        27.15613         4.40167        10.95013       122.49999         9.95070             nan             nan             nan         HIDESF2 
