        HD73108   2454547.99762        83.29804         3.38385         9.16745       247.54655         5.40186         0.20895         0.03141         1.00000          HIDESS 
        HD73108   2454548.03748        78.99402         3.94346         9.17068       236.34667         5.96788         0.21595         0.03226         1.00000          HIDESS 
        HD73108   2454951.98671      -119.76483         4.95602         9.42930       187.69795        10.79440         0.16406         0.06374         1.00000          HIDESS 
        HD73108   2457330.25558        28.55332         2.09818         9.82533       184.44093         3.87007             nan             nan             nan         HIDESF1 
        HD73108   2457332.28930        40.99355         2.37084         9.79380       196.39664         4.11671             nan             nan             nan         HIDESF1 
        HD73108   2457368.39129      -132.24137         2.82761         9.78228       189.51507         5.53901             nan             nan             nan         HIDESF1 
        HD73108   2457392.00098      -136.01894         2.86315         9.79895       192.09384         9.69480             nan             nan             nan         HIDESF1 
        HD73108   2457394.27958      -137.43240         2.53627         9.81782       180.83208         6.01465             nan             nan             nan         HIDESF1 
        HD73108   2457401.19302      -167.34779         2.78355         9.77310       183.08460         6.52338             nan             nan             nan         HIDESF1 
        HD73108   2457421.15246      -111.69585         5.68046         9.45436       189.51787         5.18909         0.18298         0.02859         1.00000          HIDESS 
        HD73108   2457424.04728       -95.84975         2.46319         9.81565       176.93951         5.61327             nan             nan             nan         HIDESF1 
        HD73108   2457426.14551      -123.16592         2.60315         9.78415       184.77486         7.93640             nan             nan             nan         HIDESF1 
        HD73108   2457475.11351       -41.46728         2.58539         9.80750       185.57701         7.49461             nan             nan             nan         HIDESF1 
        HD73108   2457476.07563       -54.25126         2.56988         9.82377       199.49853         8.95535             nan             nan             nan         HIDESF1 
        HD73108   2457510.99370        41.28645         4.21183         9.43204       184.03248         8.60409         0.19144         0.05140         1.00000          HIDESS 
        HD73108   2457513.01263        61.06745         4.02740         9.46657       217.02845         8.51956         0.22652         0.06732         1.00000          HIDESS 
        HD73108   2457542.95074       194.74663         2.79549         9.80719       177.25106         7.07664             nan             nan             nan         HIDESF1 
        HD73108   2457676.31438      -108.98961         2.63105         9.82472       189.34961         5.60585             nan             nan             nan         HIDESF1 
        HD73108   2457762.25578        -8.78802         2.64830         9.80529       191.61302         7.70429             nan             nan             nan         HIDESF1 
        HD73108   2457792.06689        62.67772         2.69106         9.85529       205.68143         8.66386             nan             nan             nan         HIDESF1 
        HD73108   2457824.18081       263.26685         2.82196         9.82345       182.76742         7.94996             nan             nan             nan         HIDESF1 
        HD73108   2457838.03946       355.04821         3.44170         9.74681       182.90992        12.03292             nan             nan             nan         HIDESF1 
        HD73108   2457867.01922       147.78685         2.30163         9.81674       191.48118         6.71268             nan             nan             nan         HIDESF1 
        HD73108   2457906.96104       -72.89109         2.77824         9.83751       160.73455         5.90929             nan             nan             nan         HIDESF1 
        HD73108   2458005.32227      -137.45233         2.70453         9.84197       183.66110         5.89752             nan             nan             nan         HIDESF1 
        HD73108   2458037.22079       -86.03751         3.32049         9.82207       163.89437         8.46614             nan             nan             nan         HIDESF1 
        HD73108   2458083.28696       139.21656         2.75586         9.82795       199.66064         7.49688             nan             nan             nan         HIDESF1 
        HD73108   2458487.19690      -185.91910         3.85954        10.17519       156.68881         7.20071             nan             nan             nan         HIDESF2 
        HD73108   2458532.08590      -168.00125         2.99234        10.09256       155.35711         6.27251             nan             nan             nan         HIDESF2 
        HD73108   2458578.08306      -106.14574         3.25759        10.09872       136.89412         5.52005             nan             nan             nan         HIDESF2 
        HD73108   2458592.08178       -21.73327         3.53044        10.10192       160.58934         7.42273             nan             nan             nan         HIDESF2 
        HD73108   2458840.26955      -126.63178         3.95542         9.95488       140.44804        11.14597             nan             nan             nan         HIDESF2 
        HD73108   2458888.22224        68.11373         6.12887         9.91955       182.89576        23.13287             nan             nan             nan         HIDESF2 
        HD73108   2458901.09091       135.78506         5.08209         9.85307       145.16423        10.23345             nan             nan             nan         HIDESF2 
        HD73108   2458925.07354       272.72313         4.75577         9.84717       148.28265         8.16282             nan             nan             nan         HIDESF2 
        HD73108   2459191.18363       262.04083         3.98009         9.91304       153.09820         9.97153             nan             nan             nan         HIDESF2 
        HD73108   2459274.13502      -138.41273         6.11525         9.96442       159.42337        14.26110             nan             nan             nan         HIDESF2 
