        HD79181   2451987.00787       -28.69771         6.52989             nan             nan             nan             nan             nan             nan          HIDESS 
        HD79181   2452016.01880       -11.87797         6.81741             nan             nan             nan             nan             nan             nan          HIDESS 
        HD79181   2452041.96395        12.19720         5.97275             nan             nan             nan             nan             nan             nan          HIDESS 
        HD79181   2452272.30765       -26.45457         5.90908             nan             nan             nan             nan             nan             nan          HIDESS 
        HD79181   2452282.29188       -13.07421         6.47784             nan             nan             nan             nan             nan             nan          HIDESS 
        HD79181   2452313.19528        12.60526         5.85275             nan             nan             nan             nan             nan             nan          HIDESS 
        HD79181   2452595.36010        12.10444         5.21689             nan             nan             nan             nan             nan             nan          HIDESS 
        HD79181   2452651.18724        37.89279         6.04087             nan             nan             nan             nan             nan             nan          HIDESS 
        HD79181   2452677.20119        43.66090         6.38742             nan             nan             nan             nan             nan             nan          HIDESS 
        HD79181   2452691.17259        34.74017         6.87784             nan             nan             nan             nan             nan             nan          HIDESS 
        HD79181   2452707.10250        26.63571         7.88637             nan             nan             nan             nan             nan             nan          HIDESS 
        HD79181   2452710.12307        15.36747         7.76363             nan             nan             nan             nan             nan             nan          HIDESS 
        HD79181   2452735.03743         1.58959         7.95233             nan             nan             nan             nan             nan             nan          HIDESS 
        HD79181   2452757.97077       -10.55827        25.97400             nan             nan             nan             nan             nan             nan          HIDESS 
        HD79181   2452951.34825        36.45379         6.31720             nan             nan             nan             nan             nan             nan          HIDESS 
        HD79181   2452991.31978        18.63615         5.57936             nan             nan             nan             nan             nan             nan          HIDESS 
        HD79181   2453006.28285        14.91602         8.34327             nan             nan             nan             nan             nan             nan          HIDESS 
        HD79181   2453024.15706         5.69053         5.86235             nan             nan             nan             nan             nan             nan          HIDESS 
        HD79181   2453052.10719       -24.30214         5.61750             nan             nan             nan             nan             nan             nan          HIDESS 
        HD79181   2453075.07689        -2.99161         7.34990             nan             nan             nan             nan             nan             nan          HIDESS 
        HD79181   2453078.05202       -13.65097         5.52404             nan             nan             nan             nan             nan             nan          HIDESS 
        HD79181   2453100.03008       -41.29145         5.83719             nan             nan             nan             nan             nan             nan          HIDESS 
        HD79181   2453104.96514         0.24141         6.11334             nan             nan             nan             nan             nan             nan          HIDESS 
        HD79181   2453106.99372        -2.85062         6.12888             nan             nan             nan             nan             nan             nan          HIDESS 
        HD79181   2453130.97538       -16.55664         6.36102             nan             nan             nan             nan             nan             nan          HIDESS 
        HD79181   2453307.35954         1.33911         4.90165             nan             nan             nan             nan             nan             nan          HIDESS 
        HD79181   2453332.35453        -6.03052         4.84570             nan             nan             nan             nan             nan             nan          HIDESS 
        HD79181   2453335.27865         2.89534         4.82404             nan             nan             nan             nan             nan             nan          HIDESS 
        HD79181   2453339.36146        -9.29532         5.20502             nan             nan             nan             nan             nan             nan          HIDESS 
        HD79181   2453363.26687       -21.14556         4.98775             nan             nan             nan             nan             nan             nan          HIDESS 
        HD79181   2453366.19109       -30.54894         5.15476             nan             nan             nan             nan             nan             nan          HIDESS 
        HD79181   2453403.14433       -15.34103         5.06690             nan             nan             nan             nan             nan             nan          HIDESS 
        HD79181   2453424.06356       -41.48645         5.80374             nan             nan             nan             nan             nan             nan          HIDESS 
        HD79181   2453445.11751       -31.52615        10.68469             nan             nan             nan             nan             nan             nan          HIDESS 
        HD79181   2453448.00047        -0.23558         7.45773             nan             nan             nan             nan             nan             nan          HIDESS 
        HD79181   2453449.02444        -8.45900         5.73750             nan             nan             nan             nan             nan             nan          HIDESS 
        HD79181   2453470.04488        -8.48123         9.23949             nan             nan             nan             nan             nan             nan          HIDESS 
        HD79181   2453497.95622         7.37299         5.55835             nan             nan             nan             nan             nan             nan          HIDESS 
        HD79181   2453694.29650       -21.13312         4.60927             nan             nan             nan             nan             nan             nan          HIDESS 
        HD79181   2453729.30508        -2.91535         5.50830             nan             nan             nan             nan             nan             nan          HIDESS 
        HD79181   2453743.26656       -10.15244         5.43123             nan             nan             nan             nan             nan             nan          HIDESS 
        HD79181   2453775.16490         7.53321         6.37491             nan             nan             nan             nan             nan             nan          HIDESS 
        HD79181   2453812.01393        25.94415         5.56165             nan             nan             nan             nan             nan             nan          HIDESS 
        HD79181   2454022.34684       -21.67468         8.06353             nan             nan             nan             nan             nan             nan          HIDESS 
        HD79181   2454087.25706        -5.99267         5.50301             nan             nan             nan             nan             nan             nan          HIDESS 
        HD79181   2454216.96947       -20.05117         8.24251             nan             nan             nan             nan             nan             nan          HIDESS 
        HD79181   2454493.15599       -29.25410         5.30455         9.54510       174.79422         7.63904         0.14690         0.02494         1.00000          HIDESS 
        HD79181   2454528.11837        -2.15904         6.18663         9.52296       202.81094        12.20978         0.10322         0.05757         1.00000          HIDESS 
        HD79181   2454559.98723        -5.16334         5.64744         9.50329       171.05521         7.23731         0.36594         0.05179         1.00000          HIDESS 
        HD79181   2454591.97345        -2.50458         6.05662         9.51980       168.28974        16.86474         0.08667         0.05461         1.00000          HIDESS 
        HD79181   2454835.25983         3.12184         5.69970         9.48799       202.69308         7.83688         0.10344         0.03132         1.00000          HIDESS 
        HD79181   2455134.35848        23.28497         5.37888         9.40285       125.21289         5.30079             nan             nan             nan          HIDESS 
        HD79181   2455233.16965       -10.56754         5.47685         9.53871       204.42484         7.66817         0.09372         0.02819         1.00000          HIDESS 
        HD79181   2455267.07159        -0.31718         4.89259         9.48933       210.82831         7.41022         0.06719         0.02670         1.00000          HIDESS 
        HD79181   2455526.32604       -12.26024         5.37922         9.48213       179.42661         8.42399         0.09102         0.03297         1.00000          HIDESS 
        HD79181   2455586.19011         8.11217         6.20017         9.50090       182.65870         9.44032         0.06572         0.03542         1.00000          HIDESS 
        HD79181   2455611.13926        -4.65689         5.56518         9.44493       176.34310         8.65937         0.06088         0.02772         1.00000          HIDESS 
        HD79181   2455637.05808       -20.14041         5.48039         9.47235       180.33227        13.18263         0.07044         0.08283         1.00000          HIDESS 
        HD79181   2455656.03993        16.54315         6.28357         9.46650       197.54018        10.11370         0.05871         0.04531         1.00000          HIDESS 
        HD79181   2455878.35256        11.20137         5.27660         9.44602       155.46022         4.81879         0.05621         0.03054         1.00000          HIDESS 
        HD79181   2455920.28174        23.72205         5.83263         9.44059       192.13296        10.89821         0.01615         0.01361         1.00000          HIDESS 
        HD79181   2456029.93875        15.56297         5.32068         9.46403       213.83582        12.52272         0.11413         0.03813         1.00000          HIDESS 
        HD79181   2456032.01249       -10.43474         5.15876         9.40111       136.10231         7.69264         0.08054         0.04428         1.00000          HIDESS 
        HD79181   2456032.93090         4.25621         5.13274         9.40906       160.60267         5.69785         0.05512         0.01910         1.00000          HIDESS 
        HD79181   2456058.95785         2.92297        10.77790         9.49681       176.00513        19.94379             nan             nan             nan          HIDESS 
        HD79181   2456059.96346         2.42957         5.60110             nan             nan             nan             nan             nan             nan          HIDESS 
        HD79181   2456069.97040       -13.68060         8.32419             nan             nan             nan             nan             nan             nan          HIDESS 
        HD79181   2456244.31963        23.69696         3.43555             nan             nan             nan             nan             nan             nan         HIDESF1 
        HD79181   2456249.32505        32.01817         5.90846             nan             nan             nan         0.08821         0.04648         1.00000          HIDESS 
        HD79181   2456250.32578         9.24307         5.89652             nan             nan             nan         0.03633         0.06015         1.00000          HIDESS 
        HD79181   2456284.20824        -6.07038         8.15770         9.43272       127.84698        10.30899         0.16880         0.08837         1.00000          HIDESS 
        HD79181   2456285.25334       -20.84617         5.03816         9.50392       197.96477         9.43523         0.06835         0.02515         1.00000          HIDESS 
        HD79181   2456297.21433       -17.94220         5.71024         9.43899       179.50020         5.36260             nan             nan             nan          HIDESS 
        HD79181   2456298.17573       -23.28670         5.48787         9.48817       162.47972         6.89651         0.07538         0.05697         1.00000          HIDESS 
        HD79181   2456299.18708       -16.01775         5.80700         9.43306       179.80351         8.43916         0.13354         0.05450         1.00000          HIDESS 
        HD79181   2456414.94676        -1.92435         5.15426         9.43454       195.21158         8.11669             nan             nan             nan          HIDESS 
        HD79181   2456415.94101        -3.98238         5.69039         9.46311       190.55857        10.07741             nan             nan             nan          HIDESS 
        HD79181   2456417.94568       -14.59670         5.42943         9.47358       200.28608         7.73981         0.13092         0.02116         1.00000          HIDESS 
        HD79181   2456579.35192       -23.77838         6.41272         9.40136       114.41737        12.63843         0.12962         0.03580         1.00000          HIDESS 
        HD79181   2456595.31043        -4.10895         3.67573         9.76307       154.28633        10.63876             nan             nan             nan         HIDESF1 
        HD79181   2456596.29858       -26.27348         3.63538         9.82889       147.35282        12.96958             nan             nan             nan         HIDESF1 
        HD79181   2456609.29476         5.79829         7.25802         9.81120       189.92907        22.50872             nan             nan             nan         HIDESF1 
        HD79181   2456610.34173        -0.42064         3.26416         9.80130       158.01361         6.86814             nan             nan             nan         HIDESF1 
        HD79181   2456615.32669       -12.15609         3.45621         9.77220       141.81294         7.58029             nan             nan             nan         HIDESF1 
        HD79181   2456616.29949         9.68042         3.10965         9.78980       148.81246         9.72413             nan             nan             nan         HIDESF1 
        HD79181   2456625.28782        14.76021         3.87946         9.80444       172.16949        10.03115             nan             nan             nan         HIDESF1 
        HD79181   2456626.31969        -5.20585         3.29239         9.84961       167.55560         9.72437             nan             nan             nan         HIDESF1 
        HD79181   2456627.27461       -13.52226         2.98927         9.80938       160.49203         7.77543             nan             nan             nan         HIDESF1 
        HD79181   2456639.21225         2.79825         3.54801         9.81600       160.76621        10.35115             nan             nan             nan         HIDESF1 
        HD79181   2456664.16798       -10.70744         3.69900         9.85230       153.79835         6.67190             nan             nan             nan         HIDESF1 
        HD79181   2456666.28177       -10.51861         7.09663         9.42580       176.60122        17.62190         0.10742         0.02552         1.00000          HIDESS 
        HD79181   2456672.19487       -11.99576         4.35774         9.87707       167.09833        11.78509             nan             nan             nan         HIDESF1 
        HD79181   2456673.22072       -21.76475         3.79104         9.88307       162.52820         8.66417             nan             nan             nan         HIDESF1 
        HD79181   2456679.23687        -5.58830         3.84764         9.93207       157.50147         9.41341             nan             nan             nan         HIDESF1 
        HD79181   2456680.17152       -24.61678         3.57110         9.89983       179.98166         7.11189             nan             nan             nan         HIDESF1 
        HD79181   2456697.13749       -15.50341         5.75013         9.82311       175.39664        13.45321             nan             nan             nan         HIDESF1 
        HD79181   2456714.03994         4.82355         4.21862         9.82515       188.99220        14.60561             nan             nan             nan         HIDESF1 
        HD79181   2456730.99792        14.63729         3.57948         9.85090       168.41048         7.17922             nan             nan             nan         HIDESF1 
        HD79181   2456731.97248        13.47635         4.14780         9.80820       168.46786        11.57610             nan             nan             nan         HIDESF1 
        HD79181   2456751.98472        21.06549         6.20270         9.46123       193.91867        12.34199         0.10316         0.05223         1.00000          HIDESS 
        HD79181   2456753.97027        48.02501         6.23570         9.51415       198.60537        11.42701             nan             nan             nan          HIDESS 
        HD79181   2456784.94225        38.28673         4.80370         9.78358       162.50882        12.53401             nan             nan             nan         HIDESF1 
        HD79181   2456785.99070        30.03498         5.71151         9.89290       207.68082        18.14504             nan             nan             nan         HIDESF1 
        HD79181   2456786.94548        16.64018         4.01651         9.79423       131.95646         8.22774             nan             nan             nan         HIDESF1 
        HD79181   2456799.97400        48.31500         9.30491             nan             nan             nan             nan             nan             nan          HIDESS 
        HD79181   2456947.33985        -9.53484         3.85905         9.72261       148.59681         7.22583             nan             nan             nan         HIDESF1 
        HD79181   2456948.33663       -28.94636         3.26493         9.80930       178.81000         7.08833             nan             nan             nan         HIDESF1 
        HD79181   2456965.31841         6.11427         3.10710         9.77686       168.88162         9.61276             nan             nan             nan         HIDESF1 
        HD79181   2456972.31469       -18.46030         5.48146         9.40339       173.22270         9.72689         0.18278         0.07770         1.00000          HIDESS 
        HD79181   2456973.31954        -3.76355         7.27685         9.38332       167.16364        18.87886             nan             nan             nan          HIDESS 
        HD79181   2456991.22814       -16.38873         3.23793         9.78276       169.50813         9.29966             nan             nan             nan         HIDESF1 
        HD79181   2457000.36785       -13.69288         3.47024         9.80353       162.19080         8.72648             nan             nan             nan         HIDESF1 
        HD79181   2457003.29109         0.96708         6.03970         9.46802       173.92449         6.51844         0.09585         0.03997         1.00000          HIDESS 
        HD79181   2457006.23300         9.38595         3.22426         9.78757       145.58895         8.58381             nan             nan             nan         HIDESF1 
        HD79181   2457008.28848         5.33277         2.71120         9.79979       141.52661         5.79096             nan             nan             nan         HIDESF1 
        HD79181   2457017.26839        18.70258         3.45455         9.78131       148.34508         8.35543             nan             nan             nan         HIDESF1 
        HD79181   2457046.20956        18.70143         5.84174         9.43666       191.06786         6.92254         0.21859         0.03724         1.00000          HIDESS 
        HD79181   2457047.15124        31.53061         5.51499         9.41880       178.15905         6.84743         0.12772         0.03240         1.00000          HIDESS 
        HD79181   2457051.17804        34.88759         5.50690         9.43692       179.46772         9.13746         0.09642         0.02532         1.00000          HIDESS 
        HD79181   2457054.12429        20.16855         3.79348         9.78490       129.72904         7.41789             nan             nan             nan         HIDESF1 
        HD79181   2457055.18729        31.23001         3.49113         9.85025       142.55191         5.98072             nan             nan             nan         HIDESF1 
        HD79181   2457066.11507        17.64962         4.45910         9.73700       126.90009         8.95905             nan             nan             nan         HIDESF1 
        HD79181   2457067.14335        -5.87236         4.19990         9.80588       139.59286         9.00327             nan             nan             nan         HIDESF1 
        HD79181   2457068.13537        17.62973         3.39854         9.80092       152.48088         8.40001             nan             nan             nan         HIDESF1 
        HD79181   2457092.09273        20.30850         3.37139         9.81439       144.87452         6.99413             nan             nan             nan         HIDESF1 
        HD79181   2457093.09414        26.36981         3.92353         9.77907       144.91258         8.17726             nan             nan             nan         HIDESF1 
        HD79181   2457108.05594        18.38557         3.48666         9.84847       130.67255         6.25705             nan             nan             nan         HIDESF1 
        HD79181   2457133.99941        27.06093         4.57402         9.42267       217.03896         8.55695         0.13042         0.04837         1.00000          HIDESS 
        HD79181   2457139.96697        47.08481         3.56860         9.84775       135.46113         6.72605             nan             nan             nan         HIDESF1 
        HD79181   2457322.34285         6.50193         3.92284         9.85244       174.87360        12.42642             nan             nan             nan         HIDESF1 
        HD79181   2457324.35719        16.32142         3.26085         9.80330       181.01640         9.58567             nan             nan             nan         HIDESF1 
        HD79181   2457329.36076        30.25620         5.42422         9.42919       146.66395         6.52496         0.07450         0.02184         1.00000          HIDESS 
        HD79181   2457330.33975        22.58608         2.75409         9.83376       154.20072         6.36786             nan             nan             nan         HIDESF1 
        HD79181   2457353.26483        12.26823         3.02362         9.80422       142.33853         7.28369             nan             nan             nan         HIDESF1 
        HD79181   2457356.24460        13.60851         2.90800         9.80811       151.32242         8.15943             nan             nan             nan         HIDESF1 
        HD79181   2457361.31972        16.93786         2.95966         9.81272       141.65358         7.50916             nan             nan             nan         HIDESF1 
        HD79181   2457368.30778        18.17984         2.87384         9.77289       162.75230         6.44719             nan             nan             nan         HIDESF1 
        HD79181   2457378.25288         8.65377         3.06296         9.82048       154.77737         8.41952             nan             nan             nan         HIDESF1 
        HD79181   2457392.17843        -6.83723         3.87145         9.82234       199.09820        12.08478             nan             nan             nan         HIDESF1 
        HD79181   2457403.23092        28.76217         4.58477         9.89441       159.84961         7.27693             nan             nan             nan         HIDESF1 
        HD79181   2457422.16777        -0.52600         5.30732         9.41060       189.06613         8.12594         0.04205         0.01530         1.00000          HIDESS 
        HD79181   2457424.14366         1.75695         4.02703         9.82509       160.35182        10.15667             nan             nan             nan         HIDESF1 
        HD79181   2457426.11086         6.74732         3.34508         9.81502       156.55748         6.14213             nan             nan             nan         HIDESF1 
        HD79181   2457475.10467       -36.01013         4.59716         9.82071       208.37251        13.38312             nan             nan             nan         HIDESF1 
        HD79181   2457476.03766       -38.94264         3.44370         9.76120       150.09453         7.26613             nan             nan             nan         HIDESF1 
        HD79181   2457510.95259       -29.04144         5.55639         9.44880       228.39652         9.77109         0.07239         0.03111         1.00000          HIDESS 
        HD79181   2457520.95019       -14.40742         3.43705         9.79656       161.89741         7.04281             nan             nan             nan         HIDESF1 
        HD79181   2457692.32673        -4.27786         3.74775             nan             nan             nan             nan             nan             nan         HIDESF1 
        HD79181   2457722.34861        -9.55077         5.60171         9.86060       114.84443        17.16560             nan             nan             nan         HIDESF1 
        HD79181   2457725.28555       -47.48253         2.69650         9.75249       159.37146         7.65718             nan             nan             nan         HIDESF1 
        HD79181   2457760.17025       -22.57680         4.10228         9.79125       165.61539         8.87568             nan             nan             nan         HIDESF1 
        HD79181   2457764.23151       -30.96729         7.63526         9.95488       175.77816        20.43022             nan             nan             nan         HIDESF1 
        HD79181   2457791.19499       -16.24085         3.87624         9.81347       136.93953         6.76174             nan             nan             nan         HIDESF1 
        HD79181   2457796.11758        -4.53025         4.18540         9.79925       156.51703         9.84126             nan             nan             nan         HIDESF1 
        HD79181   2457808.19014       -34.34941         3.99997         9.69260       144.34543         9.71894             nan             nan             nan         HIDESF1 
        HD79181   2457809.15027        12.85338         4.29904         9.78166       135.11014        11.72626             nan             nan             nan         HIDESF1 
        HD79181   2457818.13523       -34.47441         4.36151         9.84809       161.77083        11.07660             nan             nan             nan         HIDESF1 
        HD79181   2457824.09539       -20.69531         3.77168         9.80881       144.27149         9.67074             nan             nan             nan         HIDESF1 
        HD79181   2457865.98563        -5.72181         3.62738         9.82621       141.80827         6.51177             nan             nan             nan         HIDESF1 
        HD79181   2457884.96844       -18.23023         9.02594         9.78109       124.78989        28.93590             nan             nan             nan         HIDESF1 
        HD79181   2458067.32864         2.82573         3.08017         9.79017       141.46563         8.16065             nan             nan             nan         HIDESF1 
        HD79181   2458076.35957        -7.65746         5.21881         9.82483       194.66499        21.14022             nan             nan             nan         HIDESF1 
        HD79181   2458084.32926        -0.09959         3.32920         9.76769       120.08242         7.43727             nan             nan             nan         HIDESF1 
        HD79181   2458094.38142       -12.83498         2.89133         9.79295       140.25714         6.68098             nan             nan             nan         HIDESF1 
