        HD81688   2452311.18545        46.29872         5.02211             nan             nan             nan             nan             nan             nan          HIDESS 
        HD81688   2452335.22543        53.91848         5.16275             nan             nan             nan             nan             nan             nan          HIDESS 
        HD81688   2452361.20840        13.01654         4.43998             nan             nan             nan             nan             nan             nan          HIDESS 
        HD81688   2452656.05898        46.73902         4.28622             nan             nan             nan             nan             nan             nan          HIDESS 
        HD81688   2452677.25742        42.67025         5.04092             nan             nan             nan             nan             nan             nan          HIDESS 
        HD81688   2452709.15342        62.74342         5.56261             nan             nan             nan             nan             nan             nan          HIDESS 
        HD81688   2452755.98510        23.73167         8.03658             nan             nan             nan             nan             nan             nan          HIDESS 
        HD81688   2452923.32057        41.99556         3.88909             nan             nan             nan             nan             nan             nan          HIDESS 
        HD81688   2452974.22342       -34.28942         3.86701             nan             nan             nan             nan             nan             nan          HIDESS 
        HD81688   2452991.20687       -48.60316         4.08403             nan             nan             nan             nan             nan             nan          HIDESS 
        HD81688   2453002.18525       -65.58495         4.18545             nan             nan             nan             nan             nan             nan          HIDESS 
        HD81688   2453006.12663       -64.42161         4.87000             nan             nan             nan             nan             nan             nan          HIDESS 
        HD81688   2453024.06985       -13.85636         4.45460             nan             nan             nan             nan             nan             nan          HIDESS 
        HD81688   2453028.05563       -18.04569         3.75544             nan             nan             nan             nan             nan             nan          HIDESS 
        HD81688   2453052.01723        -8.90426         4.86320             nan             nan             nan             nan             nan             nan          HIDESS 
        HD81688   2453056.14825       -19.25496         3.63769             nan             nan             nan             nan             nan             nan          HIDESS 
        HD81688   2453075.04769        72.62462         5.00527             nan             nan             nan             nan             nan             nan          HIDESS 
        HD81688   2453078.20454       101.12996         4.64473             nan             nan             nan             nan             nan             nan          HIDESS 
        HD81688   2453100.00797        44.30772         3.28065             nan             nan             nan             nan             nan             nan          HIDESS 
        HD81688   2453104.13332        16.29931         3.70566             nan             nan             nan             nan             nan             nan          HIDESS 
        HD81688   2453105.11928        47.96155         3.81533             nan             nan             nan             nan             nan             nan          HIDESS 
        HD81688   2453106.03503         9.53999         3.71075             nan             nan             nan             nan             nan             nan          HIDESS 
        HD81688   2453107.14946        -3.28321         4.08338             nan             nan             nan             nan             nan             nan          HIDESS 
        HD81688   2453110.16963        -5.10334         4.29520             nan             nan             nan             nan             nan             nan          HIDESS 
        HD81688   2453112.09105       -24.17518         3.69307             nan             nan             nan             nan             nan             nan          HIDESS 
        HD81688   2453123.09992       -14.63934         6.64322             nan             nan             nan             nan             nan             nan          HIDESS 
        HD81688   2453131.00374        -3.60695         4.03238             nan             nan             nan             nan             nan             nan          HIDESS 
        HD81688   2453131.94785         3.52874         3.87940             nan             nan             nan             nan             nan             nan          HIDESS 
        HD81688   2453136.02223       -12.43733         4.95294             nan             nan             nan             nan             nan             nan          HIDESS 
        HD81688   2453154.03065       -64.02680         4.62415             nan             nan             nan             nan             nan             nan          HIDESS 
        HD81688   2453157.97855       -55.98401         3.75110             nan             nan             nan             nan             nan             nan          HIDESS 
        HD81688   2453159.97618       -57.70816         4.14474             nan             nan             nan             nan             nan             nan          HIDESS 
        HD81688   2453162.01491       -93.07620         4.90746             nan             nan             nan             nan             nan             nan          HIDESS 
        HD81688   2453284.31604        22.62115         4.28531             nan             nan             nan             nan             nan             nan          HIDESS 
        HD81688   2453306.32336        23.67154         3.61352             nan             nan             nan             nan             nan             nan          HIDESS 
        HD81688   2453307.25366        25.88930         4.94581             nan             nan             nan             nan             nan             nan          HIDESS 
        HD81688   2453311.21266        -9.19168         3.97161             nan             nan             nan             nan             nan             nan          HIDESS 
        HD81688   2453332.33947       -84.23099         3.51156             nan             nan             nan             nan             nan             nan          HIDESS 
        HD81688   2453333.21019       -32.85482         3.87031             nan             nan             nan             nan             nan             nan          HIDESS 
        HD81688   2453334.29436       -75.96380         3.69168             nan             nan             nan             nan             nan             nan          HIDESS 
        HD81688   2453335.22232       -21.05001         3.64146             nan             nan             nan             nan             nan             nan          HIDESS 
        HD81688   2453336.25865       -39.65548         3.67172             nan             nan             nan             nan             nan             nan          HIDESS 
        HD81688   2453338.34390       -56.49439         3.41554             nan             nan             nan             nan             nan             nan          HIDESS 
        HD81688   2453339.34822       -38.68202         3.63129             nan             nan             nan             nan             nan             nan          HIDESS 
        HD81688   2453340.29583       -37.02552         3.85885             nan             nan             nan             nan             nan             nan          HIDESS 
        HD81688   2453361.32397       -44.38911         3.81632             nan             nan             nan             nan             nan             nan          HIDESS 
        HD81688   2453362.38206       -71.36420         5.01577             nan             nan             nan             nan             nan             nan          HIDESS 
        HD81688   2453363.34174       -42.92936         3.63660             nan             nan             nan             nan             nan             nan          HIDESS 
        HD81688   2453364.28417       -34.13586         3.46347             nan             nan             nan             nan             nan             nan          HIDESS 
        HD81688   2453365.27624       -13.83743         3.54951             nan             nan             nan             nan             nan             nan          HIDESS 
        HD81688   2453366.17171       -36.22804         4.06592             nan             nan             nan             nan             nan             nan          HIDESS 
        HD81688   2453367.13278       -34.56815         3.64730             nan             nan             nan             nan             nan             nan          HIDESS 
        HD81688   2453378.35862       -25.73606         4.57417             nan             nan             nan             nan             nan             nan          HIDESS 
        HD81688   2453402.20724         4.07734         4.13326             nan             nan             nan             nan             nan             nan          HIDESS 
        HD81688   2453407.28644        35.20404         4.09516             nan             nan             nan             nan             nan             nan          HIDESS 
        HD81688   2453424.03835        22.61042         3.76375             nan             nan             nan             nan             nan             nan          HIDESS 
        HD81688   2453445.15773        61.77746         8.14120             nan             nan             nan             nan             nan             nan          HIDESS 
        HD81688   2453445.19551        54.59553         6.62905             nan             nan             nan             nan             nan             nan          HIDESS 
        HD81688   2453449.04828        80.67466         3.86705             nan             nan             nan             nan             nan             nan          HIDESS 
        HD81688   2453468.11997        24.23054         6.30698             nan             nan             nan             nan             nan             nan          HIDESS 
        HD81688   2453495.04491       -29.49925         4.95375             nan             nan             nan             nan             nan             nan          HIDESS 
        HD81688   2453659.32613        32.20263         3.64263             nan             nan             nan             nan             nan             nan          HIDESS 
        HD81688   2453694.32557       -25.21603         3.69562             nan             nan             nan             nan             nan             nan          HIDESS 
        HD81688   2453720.38020       -55.64667         4.30424             nan             nan             nan             nan             nan             nan          HIDESS 
        HD81688   2453728.33952       -61.78167         4.43489             nan             nan             nan             nan             nan             nan          HIDESS 
        HD81688   2453743.25400       -30.32863         4.17645             nan             nan             nan             nan             nan             nan          HIDESS 
        HD81688   2453775.12275        75.31905         3.99145             nan             nan             nan             nan             nan             nan          HIDESS 
        HD81688   2453811.22708        59.84086         5.91502             nan             nan             nan             nan             nan             nan          HIDESS 
        HD81688   2453812.09119        56.74437         3.89136             nan             nan             nan             nan             nan             nan          HIDESS 
        HD81688   2453831.11650        68.60772         6.95789             nan             nan             nan             nan             nan             nan          HIDESS 
        HD81688   2453853.11491       -11.70622         4.28367             nan             nan             nan             nan             nan             nan          HIDESS 
        HD81688   2453886.97959       -60.56462         6.24021             nan             nan             nan             nan             nan             nan          HIDESS 
        HD81688   2453888.98481       -84.00037         5.93798             nan             nan             nan             nan             nan             nan          HIDESS 
        HD81688   2454018.34827        54.74599         3.75365             nan             nan             nan             nan             nan             nan          HIDESS 
        HD81688   2454049.29553       -19.30425         3.73147             nan             nan             nan             nan             nan             nan          HIDESS 
        HD81688   2454087.36308       -56.95660         4.02457             nan             nan             nan             nan             nan             nan          HIDESS 
        HD81688   2454092.22494       -32.52310         3.83090             nan             nan             nan             nan             nan             nan          HIDESS 
        HD81688   2454115.33854        -6.66163         3.97729             nan             nan             nan             nan             nan             nan          HIDESS 
        HD81688   2454122.22770        -0.07507         3.83865             nan             nan             nan             nan             nan             nan          HIDESS 
        HD81688   2454127.20150       -40.46089         5.76002             nan             nan             nan             nan             nan             nan          HIDESS 
        HD81688   2454143.20926        24.15213         3.52476             nan             nan             nan             nan             nan             nan          HIDESS 
        HD81688   2454169.06954        94.81437         4.42208             nan             nan             nan             nan             nan             nan          HIDESS 
        HD81688   2454195.15394        36.16744         3.55389             nan             nan             nan             nan             nan             nan          HIDESS 
        HD81688   2454216.09786        25.79693         4.08179             nan             nan             nan             nan             nan             nan          HIDESS 
        HD81688   2454255.97172       -49.04848         3.79981             nan             nan             nan             nan             nan             nan          HIDESS 
        HD81688   2454422.35476       -45.46470         3.99199             nan             nan             nan             nan             nan             nan          HIDESS 
        HD81688   2454458.28209       -43.15851         9.07691         9.77216       172.52937        12.64084         0.02709         0.01391         1.00000          HIDESS 
        HD81688   2454458.30525       -51.56571         3.51575         9.74699       194.01883         5.85733         0.13952         0.01565         1.00000          HIDESS 
        HD81688   2454492.20053       -16.75523         3.54875         9.80876       184.91606         6.63382         0.27091         0.02238         1.00000          HIDESS 
        HD81688   2454524.13759        98.71707         4.05790         9.83322       167.59303         5.80712         0.14097         0.01624         1.00000          HIDESS 
        HD81688   2454554.08482        76.67319         3.57979         9.82125       188.15618         6.85548         0.14330         0.01793         1.00000          HIDESS 
        HD81688   2454560.04714        79.89522         3.33584         9.81923       208.27233         6.26234         0.14567         0.01565         1.00000          HIDESS 
        HD81688   2454587.09502        40.94303         5.08952         9.78394       187.50969        13.44940         0.14284         0.05970         1.00000          HIDESS 
        HD81688   2454797.27015       -51.58312         3.65656         9.73525       143.36981         4.40196         0.14362         0.01694         1.00000          HIDESS 
        HD81688   2454818.24828       -72.30013         3.87407         9.74392       143.72422         5.66959         0.13414         0.01684         1.00000          HIDESS 
        HD81688   2454852.23274        -1.68045         6.57549         9.76874       146.13258        11.49788         0.12024         0.03758         1.00000          HIDESS 
        HD81688   2454852.24593        -2.59144         4.04215         9.81275       155.25783         5.57463         0.46811         0.03095         1.00000          HIDESS 
        HD81688   2454864.13176       -36.21840         3.68167         9.75403       148.87245         4.77370         0.13867         0.01534         1.00000          HIDESS 
        HD81688   2454884.06812        38.78244         3.92473         9.76062       188.22342         5.77441         0.13698         0.01455         1.00000          HIDESS 
        HD81688   2454926.98273        50.27358         3.29652         9.76719       191.05257         7.04529         0.12695         0.01608         1.00000          HIDESS 
        HD81688   2454950.03752        48.39763         3.96369         9.73026       160.35736         6.42993         0.11322         0.01931         1.00000          HIDESS 
        HD81688   2454983.98741       -26.24183         3.21942         9.79831       154.97720         5.00911         0.13762         0.01761         1.00000          HIDESS 
        HD81688   2455136.31499        10.08109         4.07187         9.70851       179.80913         5.47974         0.13295         0.01627         1.00000          HIDESS 
        HD81688   2455165.31514        -7.04545         3.66637         9.73535       163.84606         4.96205         0.19303         0.01483         1.00000          HIDESS 
        HD81688   2455182.26715       -38.38467         4.02175         9.73947       181.23810         6.68866         0.12366         0.01500         1.00000          HIDESS 
        HD81688   2455204.23040       -13.41909         3.89623         9.76836       165.27224         4.63586         0.14486         0.01308         1.00000          HIDESS 
        HD81688   2455267.19810        64.41185         3.84518         9.72585       180.09321         4.77017         0.14820         0.01464         1.00000          HIDESS 
        HD81688   2455323.97729         2.62565         3.73285         9.70792       200.27412         5.75489         0.13002         0.01480         1.00000          HIDESS 
        HD81688   2455346.99381       -11.48871         4.11654         9.72057       159.06906         6.13595         0.12770         0.02116         1.00000          HIDESS 
        HD81688   2455458.33237        87.10678         3.67963        10.08578       160.94313         6.29960             nan             nan             nan         HIDESF1 
        HD81688   2455505.36249        -1.24037         4.03099         9.64767       184.94758         6.41797         0.13805         0.01999         1.00000          HIDESS 
        HD81688   2455545.25720       -24.42822         3.98389         9.72063       183.97914         5.29834         0.13461         0.01438         1.00000          HIDESS 
        HD81688   2455559.35458       -48.86581         3.02338        10.02443       146.26387         4.20295             nan             nan             nan         HIDESF1 
        HD81688   2455560.10521       -44.49168         3.10732        10.07471       147.42617         5.24139             nan             nan             nan         HIDESF1 
        HD81688   2455564.08095       -88.89093         3.10419        10.03033       146.60464         4.11179             nan             nan             nan         HIDESF1 
        HD81688   2455564.26905       -82.70425         3.07604        10.03219       138.21182         4.41767             nan             nan             nan         HIDESF1 
        HD81688   2455564.39793       -95.59322         3.11191        10.06119       134.03630         4.55593             nan             nan             nan         HIDESF1 
        HD81688   2455571.27669       -68.94766         3.05533        10.05224       151.38562         5.71581             nan             nan             nan         HIDESF1 
        HD81688   2455571.35290       -54.83505         3.31348        10.03367       122.06005         5.40567             nan             nan             nan         HIDESF1 
        HD81688   2455572.25348       -59.61082         3.28509        10.06154       154.44383         5.72927             nan             nan             nan         HIDESF1 
        HD81688   2455572.35964       -77.10743         2.87213        10.05153       141.81745         4.32714             nan             nan             nan         HIDESF1 
        HD81688   2455589.24974       -54.82380         3.25884        10.03684       147.16559         5.50889             nan             nan             nan         HIDESF1 
        HD81688   2455589.36258       -39.23211         7.39432        10.05679       197.06260        23.32067             nan             nan             nan         HIDESF1 
        HD81688   2455590.21595       -25.84982         2.90309        10.03700       138.35514         4.70705             nan             nan             nan         HIDESF1 
        HD81688   2455590.30748       -18.02250         3.17502        10.06291       145.11120         5.35557             nan             nan             nan         HIDESF1 
        HD81688   2455590.39131        -1.75490         3.37644        10.08531       131.80494         6.54915             nan             nan             nan         HIDESF1 
        HD81688   2455597.16426         9.76869         3.13863        10.07037       133.91183         5.72419             nan             nan             nan         HIDESF1 
        HD81688   2455597.16888        10.92306         3.31120        10.05297       140.26283         6.08454             nan             nan             nan         HIDESF1 
        HD81688   2455598.18864         6.80136         3.36509        10.04548       147.40955         5.43913             nan             nan             nan         HIDESF1 
        HD81688   2455598.19366         0.37512         3.31605        10.08421       164.34575         6.96834             nan             nan             nan         HIDESF1 
        HD81688   2455598.35149        -8.14895         3.41512        10.01932       146.67685         6.75281             nan             nan             nan         HIDESF1 
        HD81688   2455599.31212        26.88097         3.89804        10.02950       120.41610         7.26232             nan             nan             nan         HIDESF1 
        HD81688   2455599.32862        22.27609         3.91472         9.99230       188.37737        12.85008             nan             nan             nan         HIDESF1 
        HD81688   2455600.21112        17.09219         2.72095        10.06955       153.98557         4.26164             nan             nan             nan         HIDESF1 
        HD81688   2455600.22846        25.77100         2.94716        10.04534       158.14109         6.87476             nan             nan             nan         HIDESF1 
        HD81688   2455614.18708         8.22601         4.44243         9.75183       188.42758         8.42905         0.12943         0.01839         1.00000          HIDESS 
        HD81688   2455618.11970        16.25145         3.00705        10.08927       178.58150         6.67363             nan             nan             nan         HIDESF1 
        HD81688   2455618.25052         5.49298         3.39433        10.10226       155.30693         6.86228             nan             nan             nan         HIDESF1 
        HD81688   2455618.30608        14.90704         3.67691        10.01656       150.88986         6.98271             nan             nan             nan         HIDESF1 
        HD81688   2455619.10910         6.49978         2.96900        10.07486       171.98903         5.75055             nan             nan             nan         HIDESF1 
        HD81688   2455635.16134        96.15101         7.65181         9.67033       119.18794        14.03614         0.12394         0.06699         1.00000          HIDESS 
        HD81688   2455636.18916        81.88835         4.88535         9.77528       186.52505        12.48915         0.10347         0.03049         1.00000          HIDESS 
        HD81688   2455649.16874        54.25433         2.71469        10.06307       194.68963         5.47881             nan             nan             nan         HIDESF1 
        HD81688   2455651.11250        63.61068         2.74092        10.07741       154.71894         4.24041             nan             nan             nan         HIDESF1 
        HD81688   2455652.20008        55.37745         2.70553        10.10561       179.60794         6.44799             nan             nan             nan         HIDESF1 
        HD81688   2455653.17223        53.90418         3.19644        10.09526       168.27963         5.71971             nan             nan             nan         HIDESF1 
        HD81688   2455654.13118        52.07262         7.09274        10.06395       210.54666        29.46917             nan             nan             nan         HIDESF1 
        HD81688   2455655.11149        50.56632         3.36035        10.03184       168.37167         7.15310             nan             nan             nan         HIDESF1 
        HD81688   2455656.11805        97.33479         3.36038         9.75973       208.98428         7.39994         0.13318         0.01796         1.00000          HIDESS 
        HD81688   2455668.10539        64.16270         3.34555        10.06243       180.30521         7.11066             nan             nan             nan         HIDESF1 
        HD81688   2455669.04929        32.99261         3.32335        10.07803       192.37904         6.97207             nan             nan             nan         HIDESF1 
        HD81688   2455700.01541        -3.97053         3.28230        10.07313       160.18781         8.13010             nan             nan             nan         HIDESF1 
        HD81688   2455701.04693       -20.52288         3.30425        10.04269       182.66614         8.88882             nan             nan             nan         HIDESF1 
        HD81688   2455843.35047        59.64364         3.50800        10.04966       180.92154         7.20729             nan             nan             nan         HIDESF1 
        HD81688   2455912.18559       -49.55016         3.64317        10.03252       153.58718         7.29287             nan             nan             nan         HIDESF1 
        HD81688   2455913.19721       -42.96558         3.14648        10.02757       148.44871         4.43727             nan             nan             nan         HIDESF1 
        HD81688   2455914.17125       -30.31098         2.86444        10.02585       134.88069         4.84190             nan             nan             nan         HIDESF1 
        HD81688   2455915.16339       -60.84179         3.37871         9.99282       157.27880         5.55061             nan             nan             nan         HIDESF1 
        HD81688   2455934.23604       -18.72000         2.98346        10.04701       153.47064         5.40779             nan             nan             nan         HIDESF1 
        HD81688   2455934.33281       -40.40339         3.06642        10.06923       147.52092         5.33589             nan             nan             nan         HIDESF1 
        HD81688   2455936.35575       -59.93817         2.98069        10.06187       122.03940         4.90481             nan             nan             nan         HIDESF1 
        HD81688   2455967.16280       -39.13444         2.92240        10.02186       137.47736         4.60594             nan             nan             nan         HIDESF1 
        HD81688   2455967.28786       -23.48359         3.27717        10.05752       133.51145         5.08739             nan             nan             nan         HIDESF1 
        HD81688   2455968.24500       -57.02345         3.01000        10.07117       167.31481         6.23753             nan             nan             nan         HIDESF1 
        HD81688   2455968.29855       -35.99118         2.82634        10.04531       143.19452         5.60110             nan             nan             nan         HIDESF1 
        HD81688   2455969.20133        -5.17175         2.85484        10.03360       134.60298         4.29471             nan             nan             nan         HIDESF1 
        HD81688   2455969.29419         3.64570         2.90920        10.06809       169.21324         6.10773             nan             nan             nan         HIDESF1 
        HD81688   2456057.98937        53.13859         3.16766        10.00382       159.56646         6.88140             nan             nan             nan         HIDESF1 
        HD81688   2456280.38049       -51.13833         4.56458        10.02217       157.11818         9.70691             nan             nan             nan         HIDESF1 
        HD81688   2456281.33223       -63.40340         5.78837        10.09074       116.15770        11.27236             nan             nan             nan         HIDESF1 
        HD81688   2456282.35870       -56.11629         2.83275        10.02543       154.83868         4.13778             nan             nan             nan         HIDESF1 
        HD81688   2456446.96238       -28.38399         3.83324         9.69253       202.67339         8.98550         0.11764         0.01904         1.00000          HIDESS 
        HD81688   2456447.99082       -17.70299         3.67739         9.68237       167.81048         5.86094         0.12172         0.02081         1.00000          HIDESS 
        HD81688   2456554.32255        78.36855         3.35243        10.14880       171.23401         6.31319             nan             nan             nan         HIDESF1 
        HD81688   2456595.31976        73.22790         3.69280        10.03817       181.12840         7.78120             nan             nan             nan         HIDESF1 
        HD81688   2456596.28185        48.35615         3.85850        10.08352       180.23612        11.14058             nan             nan             nan         HIDESF1 
        HD81688   2456607.27620        17.85621         3.81457        10.09515       166.99075         9.66059             nan             nan             nan         HIDESF1 
        HD81688   2456609.25898        42.45669         3.69331        10.09176       161.17575         7.49768             nan             nan             nan         HIDESF1 
        HD81688   2456616.34304        36.66176         3.27948        10.08527       163.09213         6.50305             nan             nan             nan         HIDESF1 
        HD81688   2456625.22198        -3.30052         3.65452        10.08803       179.67942         9.48889             nan             nan             nan         HIDESF1 
        HD81688   2456626.34469       -20.36861         4.45849        10.09813       177.06348        11.48552             nan             nan             nan         HIDESF1 
        HD81688   2456627.16466       -11.90268         3.34607        10.10330       179.41790         7.95254             nan             nan             nan         HIDESF1 
        HD81688   2456639.22778       -32.17942         3.94444        10.08918       165.80298         9.33958             nan             nan             nan         HIDESF1 
        HD81688   2456664.14277       -49.32942         3.43689        10.09024       160.31339         8.08152             nan             nan             nan         HIDESF1 
        HD81688   2456673.22851       -39.92759         3.19907        10.16069       152.63126         5.29054             nan             nan             nan         HIDESF1 
        HD81688   2456680.20456       -46.60111         3.16902        10.15376       162.93303         6.39066             nan             nan             nan         HIDESF1 
        HD81688   2456734.00945        59.33606         3.71475        10.15714       162.70518         9.14050             nan             nan             nan         HIDESF1 
        HD81688   2456738.06823        56.62140         3.49610        10.15773       174.17576         7.77500             nan             nan             nan         HIDESF1 
        HD81688   2456786.98825         8.18229         3.60545        10.01988       161.65272         7.61566             nan             nan             nan         HIDESF1 
        HD81688   2456788.00188         0.13459         3.56242         9.98897       152.79781         7.83890             nan             nan             nan         HIDESF1 
        HD81688   2456799.04535        -7.46040         3.89643         9.69112       144.71595         6.44090         0.12453         0.03507         1.00000          HIDESS 
        HD81688   2456947.33391        75.61141         3.07790        10.06699       175.26572         5.65000             nan             nan             nan         HIDESF1 
        HD81688   2456948.22838        45.47697         3.47435        10.06425       161.57320         6.77335             nan             nan             nan         HIDESF1 
        HD81688   2456965.35844        43.43374         4.09743        10.07556       178.71442        12.27127             nan             nan             nan         HIDESF1 
        HD81688   2456991.19059        -8.74888         3.18596        10.06214       159.65686         6.28873             nan             nan             nan         HIDESF1 
        HD81688   2457001.21444       -42.40528         3.51731        10.01191       146.25714         6.59568             nan             nan             nan         HIDESF1 
        HD81688   2457005.18177       -34.94026         3.98474        10.04087       155.49364         8.89167             nan             nan             nan         HIDESF1 
        HD81688   2457017.28347       -51.07391         3.39862        10.03006       169.43815         8.22867             nan             nan             nan         HIDESF1 
        HD81688   2457027.32625       -52.66514         3.15453        10.02095       117.08591         4.06343             nan             nan             nan         HIDESF1 
        HD81688   2457047.11915       -32.03711         3.48196         9.69130       148.92757         5.02758         0.14198         0.01836         1.00000          HIDESS 
        HD81688   2457051.19463       -32.24730         3.90512         9.75446       161.11357         6.04768         0.12747         0.01795         1.00000          HIDESS 
        HD81688   2457054.14138       -33.25208         3.07905        10.11127       150.62539         6.61834             nan             nan             nan         HIDESF1 
        HD81688   2457055.22374       -40.51444         3.25912        10.14226       132.51496         8.00581             nan             nan             nan         HIDESF1 
        HD81688   2457066.07985         1.61440         3.57517        10.08036       157.98201         6.65902             nan             nan             nan         HIDESF1 
        HD81688   2457091.24312        45.29037         3.63298        10.05324       153.10429         6.87136             nan             nan             nan         HIDESF1 
        HD81688   2457093.11014        78.43687         3.78893        10.10418       133.54690         6.75647             nan             nan             nan         HIDESF1 
        HD81688   2457108.11547        47.44872         3.00069        10.05945       162.91636         7.38201             nan             nan             nan         HIDESF1 
        HD81688   2457134.01103        42.31039         3.70839         9.70632       173.81656         6.91620         0.10881         0.01678         1.00000          HIDESS 
        HD81688   2457136.02148        64.03794         4.40253         9.87515       213.45417        10.70835         0.13885         0.02221         1.00000          HIDESS 
        HD81688   2457140.05851        44.49578         3.25357        10.13052       158.13779         7.43483             nan             nan             nan         HIDESF1 
        HD81688   2457173.97323       -42.63562         3.63593        10.08155       171.76782         8.88328             nan             nan             nan         HIDESF1 
        HD81688   2457305.33762        62.61789         3.68835        10.04219       160.72636         9.40151             nan             nan             nan         HIDESF1 
        HD81688   2457322.31791        69.51954         3.60750        10.08208       198.33542        10.76200             nan             nan             nan         HIDESF1 
        HD81688   2457324.35151        59.57456         3.34442         9.98564       189.46249        10.18057             nan             nan             nan         HIDESF1 
        HD81688   2457330.25972        62.62823         3.55249        10.00438       179.79701         8.15393             nan             nan             nan         HIDESF1 
        HD81688   2457353.25694       -19.70591         3.68295        10.02874       167.61824        11.48879             nan             nan             nan         HIDESF1 
        HD81688   2457356.25456        -9.93953         3.75460        10.03061       185.32936         8.95957             nan             nan             nan         HIDESF1 
        HD81688   2457361.18627       -41.23774         3.79539        10.05534       169.16342         8.45458             nan             nan             nan         HIDESF1 
        HD81688   2457378.12312         5.99520         3.24537        10.05562       142.96873         5.85102             nan             nan             nan         HIDESF1 
        HD81688   2457389.38059       -22.12429         3.32328        10.10996       148.19512         6.14773             nan             nan             nan         HIDESF1 
        HD81688   2457392.21875       -33.65789         3.50712        10.05834       149.28452         6.21307             nan             nan             nan         HIDESF1 
        HD81688   2457394.30384       -51.11010         4.61534        10.05405       125.53984         7.94722             nan             nan             nan         HIDESF1 
        HD81688   2457401.18979       -37.16539         3.20072        10.12630       159.25559         6.71208             nan             nan             nan         HIDESF1 
        HD81688   2457403.24486       -49.56800         2.86235        10.09081       162.39640         5.92161             nan             nan             nan         HIDESF1 
        HD81688   2457426.12054       -44.50644         3.09674        10.07879       132.42025         4.97647             nan             nan             nan         HIDESF1 
        HD81688   2457442.00693       -22.05365         3.97651        10.07872       140.14701         8.56717             nan             nan             nan         HIDESF1 
        HD81688   2457475.11071        34.11532         2.84313        10.08190       158.91188         6.47384             nan             nan             nan         HIDESF1 
        HD81688   2457475.15167        23.06115         3.27715        10.05810       150.32191         6.66603             nan             nan             nan         HIDESF1 
        HD81688   2457475.19756        15.41229         3.30872        10.06131       164.43000         6.35884             nan             nan             nan         HIDESF1 
        HD81688   2457475.23826        19.30024         3.34352        10.12567       162.64755         7.88870             nan             nan             nan         HIDESF1 
        HD81688   2457475.95547        67.10398         3.06061        10.06569       134.96563         6.74185             nan             nan             nan         HIDESF1 
        HD81688   2457476.01034        49.72164         2.99403        10.07835       152.01330         6.31324             nan             nan             nan         HIDESF1 
        HD81688   2457476.05931        44.61645         2.84293        10.09972       151.18576         5.11639             nan             nan             nan         HIDESF1 
        HD81688   2457476.11041        39.81763         2.94934        10.09384       166.85213         7.68083             nan             nan             nan         HIDESF1 
        HD81688   2457476.15899        47.46887         2.97592        10.08153       162.00492         6.74913             nan             nan             nan         HIDESF1 
        HD81688   2457476.20279        52.89893         3.31511        10.10223       153.11813         8.67958             nan             nan             nan         HIDESF1 
        HD81688   2457476.23615        56.58362         3.27830        10.12021       159.95904        10.52160             nan             nan             nan         HIDESF1 
        HD81688   2457510.04809        38.38313         3.57445        10.05245       167.90887         8.02969             nan             nan             nan         HIDESF1 
        HD81688   2457511.02636        41.02928         4.04721         9.71378       187.33648         7.87878         0.13414         0.02064         1.00000          HIDESS 
        HD81688   2457729.37947       -44.30085         3.21849        10.07048       166.18942         6.30075             nan             nan             nan         HIDESF1 
        HD81688   2457753.27066       -46.70727         3.16311        10.02095       170.54995         6.82996             nan             nan             nan         HIDESF1 
        HD81688   2457760.24112       -80.07026         3.31818        10.03037       146.76821         5.72238             nan             nan             nan         HIDESF1 
        HD81688   2457792.13109        -7.47768         2.61753        10.05874       148.02336         4.07016             nan             nan             nan         HIDESF1 
        HD81688   2457824.26539        17.94729         3.51823        10.09525       172.87634         9.53856             nan             nan             nan         HIDESF1 
        HD81688   2457867.01714        43.95873         3.22042        10.06328       170.81061         6.27193             nan             nan             nan         HIDESF1 
        HD81688   2457884.05849        -2.16881         4.84221        10.06170       148.12753        11.39344             nan             nan             nan         HIDESF1 
        HD81688   2457885.02360        21.58120         3.82308        10.06101       149.71877         8.24843             nan             nan             nan         HIDESF1 
        HD81688   2457909.01578         2.65015         3.90240        10.10333       158.52251        10.82851             nan             nan             nan         HIDESF1 
        HD81688   2458044.23455        51.18878         4.74382        10.10937       155.75653        12.05119             nan             nan             nan         HIDESF1 
        HD81688   2458108.34485       -13.16136         3.90756        10.08811       143.27753         7.10072             nan             nan             nan         HIDESF1 
        HD81688   2458506.24529       -13.13770         4.12783        10.40014       154.68173         9.28351             nan             nan             nan         HIDESF2 
        HD81688   2458582.19035        47.60133         4.78464        10.39813       177.09137        12.43954             nan             nan             nan         HIDESF2 
        HD81688   2458611.10613        15.09014         5.67451        10.33408       166.62910        13.54872             nan             nan             nan         HIDESF2 
        HD81688   2458809.23664        27.63692         4.14478        10.38468       129.11133         7.31292             nan             nan             nan         HIDESF2 
        HD81688   2458810.29560        20.18386         3.68678        10.37300       141.28907         5.94105             nan             nan             nan         HIDESF2 
        HD81688   2458811.28372        13.79867         4.70236        10.39225       118.61319         7.56000             nan             nan             nan         HIDESF2 
        HD81688   2458825.34675       -32.17322         6.09217        10.04042       143.46561        10.75565             nan             nan             nan         HIDESF2 
        HD81688   2458826.34122        -4.16179         3.85622        10.11288       121.46995         7.18911             nan             nan             nan         HIDESF2 
        HD81688   2458839.26451       -23.18585         4.66598        10.12210       112.28565         8.75521             nan             nan             nan         HIDESF2 
        HD81688   2458879.35978       -30.67602         8.90531        10.08578        66.02884        17.72267             nan             nan             nan         HIDESF2 
        HD81688   2458882.33829       -36.49457         4.65675        10.06464       105.26880        12.40117             nan             nan             nan         HIDESF2 
        HD81688   2458884.32978       -40.33046         4.20207        10.09337       113.27112        11.98982             nan             nan             nan         HIDESF2 
        HD81688   2458887.31676       -40.91020         5.17045        10.11108       134.92593         9.37040             nan             nan             nan         HIDESF2 
        HD81688   2458888.34312       -66.38184         4.97933        10.05024       114.23531         7.46593             nan             nan             nan         HIDESF2 
        HD81688   2458890.35079       -39.42670         3.99685        10.13399       134.98452        10.91478             nan             nan             nan         HIDESF2 
        HD81688   2458898.28579       -14.01186         4.53304        10.12613       105.30650        10.14475             nan             nan             nan         HIDESF2 
        HD81688   2458899.28487       -33.47599         3.99925        10.12395       127.47495         7.18505             nan             nan             nan         HIDESF2 
        HD81688   2458900.13750       -24.59532         4.49187        10.06414        68.17271         5.67046             nan             nan             nan         HIDESF2 
        HD81688   2458901.17394        -5.56670         5.89348        10.13376       138.67883        12.89775             nan             nan             nan         HIDESF2 
        HD81688   2458927.24281        22.97112         4.55195        10.11273       137.79231        16.36089             nan             nan             nan         HIDESF2 
        HD81688   2458929.20798         1.08424         5.09267        10.07773       124.12803         9.89196             nan             nan             nan         HIDESF2 
        HD81688   2458930.20428        59.62962         8.03092        10.23979       148.83079        38.28047             nan             nan             nan         HIDESF2 
        HD81688   2458943.17578        56.18190         8.55087        10.19926       151.87913        15.52966             nan             nan             nan         HIDESF2 
        HD81688   2458947.18050        56.86797         6.88903        10.07588       119.08912        12.87918             nan             nan             nan         HIDESF2 
        HD81688   2458948.15326        46.30322         6.86616        10.15350       149.52640        10.57808             nan             nan             nan         HIDESF2 
        HD81688   2459170.38102        29.67673         4.29908        10.10251       142.71096         9.82414             nan             nan             nan         HIDESF2 
        HD81688   2459191.19334        26.89195         5.02109        10.05150       100.10417         7.66883             nan             nan             nan         HIDESF2 
        HD81688   2459250.36287       -42.74131         4.78029        10.13303       137.30728        13.69013             nan             nan             nan         HIDESF2 
        HD81688   2459327.12932        64.08310         5.31874        10.04770       118.40737        14.68663             nan             nan             nan         HIDESF2 
