        HD99283   2453030.28851         1.32423         3.75915             nan             nan             nan             nan             nan             nan          HIDESS 
        HD99283   2453105.13904        -1.34221         4.15738             nan             nan             nan             nan             nan             nan          HIDESS 
        HD99283   2453333.26325        -4.44708         3.11628             nan             nan             nan             nan             nan             nan          HIDESS 
        HD99283   2453428.15727       -16.84166         3.81782             nan             nan             nan             nan             nan             nan          HIDESS 
        HD99283   2453498.09612         5.52059         4.06515             nan             nan             nan             nan             nan             nan          HIDESS 
        HD99283   2453697.36646        -2.58537         3.76618             nan             nan             nan             nan             nan             nan          HIDESS 
        HD99283   2453744.28333         7.32439         3.48327             nan             nan             nan             nan             nan             nan          HIDESS 
        HD99283   2453812.16202        23.52735         3.88630             nan             nan             nan             nan             nan             nan          HIDESS 
        HD99283   2453889.04599        13.89131         6.61445             nan             nan             nan             nan             nan             nan          HIDESS 
        HD99283   2454089.26021        -6.29795         3.39168             nan             nan             nan             nan             nan             nan          HIDESS 
        HD99283   2454172.14498       -11.37595         3.50702             nan             nan             nan             nan             nan             nan          HIDESS 
        HD99283   2454496.19118       -23.57026         3.30664         9.52594       176.22270         5.06218         0.14487         0.01534         1.00000          HIDESS 
        HD99283   2454799.37478        41.15154         3.13057         9.51541       169.92692         5.51614         0.14079         0.01595         1.00000          HIDESS 
        HD99283   2454857.15413       -17.22951         4.15109         9.46469       144.44186         7.07702         0.14579         0.02800         1.00000          HIDESS 
        HD99283   2454884.12707       -20.40329         3.49882         9.43132       154.29294         5.83571         0.13382         0.02113         1.00000          HIDESS 
        HD99283   2454929.04246        -4.53425         3.08049         9.39973       174.95586         7.08580         0.15004         0.02696         1.00000          HIDESS 
        HD99283   2454950.04850         9.50150         3.42318         9.47527       190.77641         8.29791         0.13181         0.02276         1.00000          HIDESS 
        HD99283   2455187.27224         5.18862         3.27476         9.45630       173.68588         5.19644         0.15354         0.01776         1.00000          HIDESS 
        HD99283   2455295.14400        31.21597         4.29935         9.45481       186.06696        10.91827         0.09252         0.02494         1.00000          HIDESS 
        HD99283   2455545.32515         9.05803         3.74365         9.49130       201.08044         7.69265         0.13203         0.01972         1.00000          HIDESS 
        HD99283   2455629.15366        25.55135         3.62299         9.48900       163.94603         4.58817         0.14667         0.01626         1.00000          HIDESS 
        HD99283   2455659.12779        -1.21769         3.70615         9.48337       206.97048         8.74673         0.11653         0.02049         1.00000          HIDESS 
        HD99283   2455944.39661         1.24116         3.40445         9.47502       173.96751         5.63840         0.14388         0.01950         1.00000          HIDESS 
        HD99283   2456288.31131        -3.40713         3.94993         9.47129       170.02956         5.97410         0.12375         0.01762         1.00000          HIDESS 
        HD99283   2456596.31613       -11.72818         3.45113         9.81117       148.17608         6.61072             nan             nan             nan         HIDESF1 
        HD99283   2456626.35189        -4.68438         5.92850         9.80036       204.54426        17.27747             nan             nan             nan         HIDESF1 
        HD99283   2456627.32245        -7.05622         3.55116         9.81601       171.85718         6.97863             nan             nan             nan         HIDESF1 
        HD99283   2456664.19699         4.83789         4.07131         9.83471       165.60326         7.52809             nan             nan             nan         HIDESF1 
        HD99283   2456680.23250        -2.08268         4.10585         9.88206       173.23574         6.81806             nan             nan             nan         HIDESF1 
        HD99283   2456732.05771        -9.67430         3.62533         9.85133       175.06028         7.15791             nan             nan             nan         HIDESF1 
        HD99283   2456734.04560       -17.87072         3.48972         9.83773       156.39271         7.65435             nan             nan             nan         HIDESF1 
        HD99283   2456788.11760       -10.79964         3.39905         9.84139       176.02647         7.32465             nan             nan             nan         HIDESF1 
        HD99283   2456789.02360       -23.27201         3.26320         9.80510       165.21648         6.57096             nan             nan             nan         HIDESF1 
        HD99283   2456947.34927        10.61574         3.06842         9.79090       153.19797         5.46505             nan             nan             nan         HIDESF1 
        HD99283   2456948.30874        17.44328         3.50747         9.80002       130.49402         4.78516             nan             nan             nan         HIDESF1 
        HD99283   2456991.21624        -9.60550         3.35550         9.79461       167.34797         7.06338             nan             nan             nan         HIDESF1 
        HD99283   2457001.23921       -22.10887         5.77870         9.84950       154.19720        15.23962             nan             nan             nan         HIDESF1 
        HD99283   2457005.20606         2.29413         3.56312         9.83110       137.84517         8.30868             nan             nan             nan         HIDESF1 
        HD99283   2457006.27074       -15.26417         3.89946         9.80029       142.16190         7.20996             nan             nan             nan         HIDESF1 
        HD99283   2457047.18954       -22.83088         3.35656         9.43095       171.02914         5.34921         0.14294         0.01965         1.00000          HIDESS 
        HD99283   2457054.17299       -35.00273         3.37102         9.81802       161.37379         4.65695             nan             nan             nan         HIDESF1 
        HD99283   2457055.23476       -13.15593         6.07434         9.86097       179.88677        14.08801             nan             nan             nan         HIDESF1 
        HD99283   2457068.16113       -15.88431         4.77713         9.82734       163.52574         6.69365             nan             nan             nan         HIDESF1 
        HD99283   2457069.24079       -27.07232         4.66271             nan             nan             nan             nan             nan             nan         HIDESF1 
        HD99283   2457135.04012       -26.48424         2.87609         9.50785       162.18801         5.55928         0.14528         0.01805         1.00000          HIDESS 
        HD99283   2457140.09615        -8.60687         3.36313         9.88934       152.28422         6.37342             nan             nan             nan         HIDESF1 
        HD99283   2457173.98670         5.46727         3.68338         9.87004       133.47746         7.20253             nan             nan             nan         HIDESF1 
        HD99283   2457330.30665       -23.13703         3.25351         9.79487       171.13872         6.90902             nan             nan             nan         HIDESF1 
        HD99283   2457332.31456       -11.21524         3.50396         9.81538       167.79414         6.33254             nan             nan             nan         HIDESF1 
        HD99283   2457368.32306       -15.13011         3.16992         9.79584       166.18334         6.07483             nan             nan             nan         HIDESF1 
        HD99283   2457390.33639       -12.70963         3.65273         9.79262       152.36979         6.78752             nan             nan             nan         HIDESF1 
        HD99283   2457392.23928       -23.89237         3.78036         9.82987       189.65135         9.68418             nan             nan             nan         HIDESF1 
        HD99283   2457423.23081        -8.03447         4.65127         9.35345       164.19491         6.78166         0.11097         0.02607         1.00000          HIDESS 
        HD99283   2457424.22017       -10.27481         3.12611         9.81755       157.89106         6.81021             nan             nan             nan         HIDESF1 
        HD99283   2457426.13019       -24.75942         3.64761         9.81820       156.61319         6.27194             nan             nan             nan         HIDESF1 
        HD99283   2457475.12367        20.00168         3.75054         9.79424       147.47283         7.61043             nan             nan             nan         HIDESF1 
        HD99283   2457476.11622        15.46755         3.33769         9.83989       159.70436         6.11552             nan             nan             nan         HIDESF1 
        HD99283   2457512.95530         9.49396         3.43064         9.43758       171.55131         7.43529         0.12397         0.02049         1.00000          HIDESS 
        HD99283   2457521.06751         5.13653         3.18066         9.79572       146.79600         5.39961             nan             nan             nan         HIDESF1 
        HD99283   2457542.04173        29.65636         2.89769         9.81211       166.19004         6.69581             nan             nan             nan         HIDESF1 
        HD99283   2457542.99551        45.75449         3.30978         9.82143       166.73367         7.93105             nan             nan             nan         HIDESF1 
        HD99283   2457545.01851        32.17259         3.20091         9.81866       145.49043         5.74454             nan             nan             nan         HIDESF1 
        HD99283   2457591.96741        -6.43075         4.21085         9.81682       159.34330         6.41236             nan             nan             nan         HIDESF1 
        HD99283   2457592.97776         7.44400         4.16278         9.83121       151.46931         5.43666             nan             nan             nan         HIDESF1 
        HD99283   2457691.36319       -17.54772         3.69394             nan             nan             nan             nan             nan             nan         HIDESF1 
        HD99283   2457692.30532       -29.59773         3.77186             nan             nan             nan             nan             nan             nan         HIDESF1 
        HD99283   2457722.28384       -28.12688         3.68785         9.78684       150.06752         7.55635             nan             nan             nan         HIDESF1 
        HD99283   2457760.15052        15.60426         3.53829         9.80152       158.04072         7.36279             nan             nan             nan         HIDESF1 
        HD99283   2457791.21453        22.23859         3.31195         9.80632       171.84317         7.73888             nan             nan             nan         HIDESF1 
        HD99283   2457808.20767        32.64408         3.70133         9.83602       145.53492         7.88764             nan             nan             nan         HIDESF1 
        HD99283   2457809.17404        53.29089         3.13590         9.81364       136.68160         6.17250             nan             nan             nan         HIDESF1 
        HD99283   2457824.23297        25.44878         3.60341         9.82134       147.56895         6.30261             nan             nan             nan         HIDESF1 
        HD99283   2457840.13429        41.66938         3.74259         9.81800       159.78117         7.83602             nan             nan             nan         HIDESF1 
        HD99283   2457857.08752        10.44819         3.72460         9.81241       152.95527         6.80319             nan             nan             nan         HIDESF1 
        HD99283   2457884.06758         0.52345         3.72036         9.85021       148.10584         8.58369             nan             nan             nan         HIDESF1 
        HD99283   2457885.05343        -6.36072         3.55180         9.84798       154.03317         6.31989             nan             nan             nan         HIDESF1 
        HD99283   2457895.02982        18.88987         2.84516         9.80158       140.23134         3.98007             nan             nan             nan         HIDESF1 
        HD99283   2457906.98084         6.59045         3.38467         9.81851       150.82235         6.67130             nan             nan             nan         HIDESF1 
        HD99283   2457923.04030        -0.83014         3.45184         9.85871       160.58133         7.05836             nan             nan             nan         HIDESF1 
        HD99283   2457948.97877       -13.21084         7.96643         9.84587       161.21994        15.90778             nan             nan             nan         HIDESF1 
        HD99283   2458057.29767        -9.89005         3.06970         9.80036       149.55633         5.63846             nan             nan             nan         HIDESF1 
        HD99283   2458076.38553         3.20736         3.41587         9.80391       149.20340         5.90127             nan             nan             nan         HIDESF1 
